-420.32507,-406.2118,-400.26376,-404.47086,-416.1202,-421.64203,-407.48444,-395.46753,-384.32434,-375.6,-374.289,-368.88373,-367.56137,-382.49323,-393.64502,-400.35773,-412.771,-425.18686,-430.66373,-445.57565,-458.87238,-455.92853,-455.32147,-459.75864,-470.4814,-483.75018,-492.2933,-503.9603,-518.14844,-530.97363,-543.9571,-542.60394,-532.8819,-501.5758,-457.46262,-428.05966,-407.3718,-385.74158,-372.18823,-368.90656,-372.62003,-390.24997,-406.46045,-412.41415
-415.12354,-427.84525,-447.58893,-410.024,-369.98654,-359.69345,-371.0334,-380.09485,-359.58493,-351.08804,-377.9156,-422.81036,-409.04453,-378.78955,-362.54987,-377.1095,-410.53183,-456.637,-482.6105,-435.68423,-414.5472,-410.53857,-377.02774,-365.6291,-367.09604,-369.70764,-377.44315,-384.52188,-366.14474,-335.52237,-336.16248,-360.5435,-393.6744,-429.66483,-465.5906,-489.62695,-510.12476,-506.49036,-508.48312,-444.50662,-353.5075,-334.90146,-324.09488,-317.11258
-294.1279,-291.48666,-298.56915,-308.88342,-330.0939,-345.37805,-364.71283,-387.16486,-397.08163,-407.29202,-416.63504,-419.79614,-425.3972,-434.9951,-440.48914,-448.37418,-445.62555,-445.53748,-453.3323,-452.83585,-453.7701,-457.6096,-466.3667,-481.4437,-490.34448,-501.0393,-503.15887,-505.05084,-505.39127,-493.59085,-483.29007,-478.47733,-477.04834,-489.36136,-515.8084,-532.80994,-538.48004,-539.9947,-544.13354,-551.722,-561.68646,-561.66675,-557.56213,-550.9343
-318.1803,-315.81058,-318.91263,-317.82828,-323.9985,-333.6471,-341.44647,-348.96445,-359.35718,-376.17917,-392.53583,-399.28497,-409.79883,-419.3441,-422.8658,-427.42242,-441.98218,-442.52057,-449.1304,-453.85028,-455.39023,-467.86023,-491.51392,-510.5856,-506.17493,-484.87546,-467.9948,-465.96085,-445.01495,-402.4899,-380.48938,-373.08044,-373.9779,-374.3016,-365.19617,-365.08426,-371.39264,-381.80765,-395.90897,-400.15884,-413.04684,-427.76428,-434.96933,-441.58847
-536.4111,-531.6205,-532.3853,-530.8046,-536.2805,-532.85425,-482.7807,-450.05206,-439.99814,-433.34598,-436.83908,-445.80112,-451.15115,-457.4375,-470.68323,-493.66205,-512.98004,-523.65936,-524.8112,-512.1458,-519.85925,-542.52014,-531.98975,-497.53705,-473.7958,-476.85794,-479.51645,-488.1401,-480.8346,-442.47043,-448.9272,-477.34988,-485.7519,-511.67038,-514.8654,-505.24734,-517.26526,-522.7278,-502.47998,-474.5051,-451.0895,-425.28937,-397.81042,-399.70816
-522.16034,-494.08865,-503.88422,-527.3298,-527.79614,-527.2231,-534.1911,-532.48517,-518.8965,-520.22766,-531.2863,-536.5625,-545.1005,-549.7257,-552.5103,-554.46686,-552.30554,-557.6826,-560.3165,-560.0625,-564.3021,-566.5371,-561.3081,-561.54517,-557.14685,-552.4527,-556.40436,-558.8323,-566.7255,-573.144,-571.41895,-568.20575,-570.2778,-573.31006,-569.22943,-566.6488,-566.9612,-569.937,-563.60944,-565.59985,-564.5023,-560.16113,-559.83167,-566.76654
-570.9049,-569.53284,-571.52045,-574.4931,-563.89264,-552.4314,-561.58673,-566.8101,-564.30444,-572.4205,-578.7943,-585.9719,-586.9178,-580.73334,-580.71,-582.38635,-579.6415,-580.77075,-578.15894,-578.60394,-571.9142,-571.8868,-569.41895,-571.05054,-572.42194,-575.2266,-576.9028,-577.0107,-575.6289,-576.497,-580.96893,-580.1908,-578.9835,-580.4062,-580.5481,-577.87415,-577.90955,-577.645,-577.1004,-580.2638,-579.9652,-577.739,-580.7553,-588.9738
-452.44934,-438.5632,-430.16898,-420.3015,-414.0635,-415.29874,-414.61816,-415.45377,-429.56067,-436.71887,-436.90488,-432.9659,-431.36237,-406.1454,-349.4034,-327.71204,-326.88492,-325.7875,-343.543,-365.9303,-378.98453,-391.64597,-402.77844,-403.7218,-351.01508,-319.97708,-323.67563,-341.08932,-347.9647,-343.39664,-361.19864,-402.02765,-417.80432,-423.10767,-429.9337,-405.89767,-339.06558,-298.55573,-288.80304,-292.86456,-295.57928,-293.14285,-295.93945,-312.75226
-522.65607,-514.6326,-511.48947,-513.09106,-520.0004,-527.5118,-527.0414,-519.1367,-516.5866,-515.2853,-512.39026,-509.19464,-511.2531,-517.2603,-522.2228,-522.00146,-528.4744,-539.5598,-549.09326,-554.6656,-565.4564,-567.6981,-568.14795,-562.864,-559.528,-565.38513,-566.4957,-568.6712,-573.23346,-572.7368,-574.33386,-577.4577,-575.8401,-572.3296,-573.1781,-578.1394,-568.9845,-413.26712,-336.30243,-324.00455,-331.88666,-355.20062,-371.9449,-375.07242
-340.3303,-334.32874,-345.1507,-372.2667,-403.76685,-422.98563,-440.89963,-437.08945,-389.28226,-361.36096,-370.0019,-390.4657,-405.91977,-421.38333,-439.77484,-455.93362,-465.8826,-474.81702,-481.59995,-475.3959,-479.72058,-496.63712,-509.27686,-517.86096,-525.7174,-539.0655,-527.6908,-520.0406,-526.1168,-529.5207,-532.03595,-540.7905,-547.9071,-548.9092,-551.07477,-550.64636,-544.1042,-542.9354,-539.6623,-536.2245,-535.3032,-528.41376,-516.93243,-514.7535
-336.33612,-336.26035,-358.26965,-381.1909,-389.58466,-405.3046,-425.39633,-408.82217,-314.2575,-262.9951,-251.09843,-242.92644,-237.9783,-234.4614,-243.72685,-265.14297,-294.52075,-305.61224,-299.88126,-304.04694,-303.11703,-298.35605,-310.4589,-338.70538,-349.4925,-371.58383,-387.7455,-401.29712,-412.1047,-415.57306,-395.96317,-405.43588,-438.71375,-458.36218,-491.03516,-502.50372,-495.9385,-494.67673,-485.91846,-500.53372,-516.48334,-550.4882,-560.93823,-568.3024
-542.31024,-532.1293,-531.51666,-537.31244,-539.63135,-544.7124,-549.6146,-549.6187,-552.43494,-563.462,-571.70325,-573.27466,-571.68414,-570.6753,-578.4161,-580.2556,-569.71893,-559.93756,-553.7957,-558.2669,-571.11273,-577.0352,-577.79987,-572.82776,-567.60547,-563.4274,-564.0388,-557.3336,-437.2562,-384.58835,-386.17688,-385.78876,-360.30698,-330.7657,-324.13858,-320.6653,-316.24982,-313.4679,-306.97412,-313.18347,-341.91165,-381.3944,-424.6895,-458.09375
-443.222,-452.73434,-470.67108,-473.99554,-461.472,-459.51022,-477.6411,-489.8098,-503.2187,-517.2051,-534.7316,-547.6749,-554.2001,-558.51294,-558.7507,-555.72064,-558.0164,-508.761,-487.02722,-508.84442,-537.37317,-548.8367,-536.7541,-522.8486,-518.1276,-508.8506,-496.43314,-498.4212,-501.47043,-500.9516,-498.00818,-501.19144,-494.63538,-485.0949,-498.34473,-507.37427,-531.28955,-552.61694,-558.8952,-564.779,-567.2035,-566.1022,-555.56964,-553.02655
-363.53387,-354.66675,-351.99887,-381.8871,-423.16544,-460.17554,-492.96512,-516.66534,-515.99677,-425.50906,-383.412,-394.07425,-423.00107,-453.47174,-480.58884,-508.7669,-530.2353,-543.7902,-556.7944,-563.6672,-566.388,-551.2498,-473.64008,-434.62854,-474.19528,-516.8559,-532.4799,-547.65924,-562.5319,-567.0581,-570.284,-569.4475,-569.59753,-576.52423,-575.4545,-570.0335,-572.4586,-574.2216,-516.0211,-325.59177,-262.66995,-249.88261,-247.4552,-256.77
-375.74265,-377.4893,-395.08792,-402.8937,-398.92276,-402.2405,-420.5504,-444.7264,-456.4774,-447.91693,-447.57965,-452.5636,-399.8127,-350.56253,-342.07312,-356.14285,-381.3276,-369.34814,-361.2896,-373.04214,-415.36182,-460.1739,-391.8622,-341.41333,-344.7509,-357.38055,-372.15,-381.098,-391.311,-402.00647,-416.43945,-432.37753,-445.53018,-471.49536,-486.0147,-498.61636,-517.5911,-528.9555,-504.45883,-508.3793,-538.8789,-553.46954,-562.0091,-575.06085
-368.20963,-369.0178,-385.42355,-401.75247,-404.89218,-378.8308,-367.7346,-375.36243,-378.43048,-380.2402,-396.6171,-420.07468,-433.79245,-436.7887,-443.6696,-449.7072,-457.33728,-463.28433,-473.9641,-462.17883,-426.68912,-411.01038,-415.72806,-429.60776,-441.29663,-465.02826,-498.31805,-511.12933,-522.77026,-535.7507,-542.3047,-550.399,-557.33014,-558.921,-562.2381,-562.47363,-552.72,-546.10126,-543.9957,-541.7884,-542.0969,-542.78937,-544.2391,-550.6913
-547.2839,-545.5173,-539.9219,-530.98706,-522.8697,-513.09467,-511.136,-511.06387,-512.1763,-516.2688,-519.06244,-512.8274,-509.0997,-515.3495,-518.2776,-520.01794,-522.4802,-529.01855,-530.7527,-535.78046,-536.708,-537.0789,-546.71375,-556.569,-555.2046,-560.8911,-568.7982,-575.6538,-573.7375,-569.5113,-566.3327,-540.793,-472.67206,-411.9754,-381.90533,-371.0268,-363.7758,-361.66187,-365.63635,-373.60495,-381.68103,-390.36316,-394.32666,-391.14514
-541.21436,-536.6525,-535.4907,-533.9925,-538.0718,-535.64667,-532.56824,-504.65228,-490.34885,-469.92743,-449.4159,-457.2872,-486.42258,-502.8332,-504.3268,-501.76785,-527.7127,-554.74884,-560.36383,-563.67,-556.3196,-539.58936,-513.78925,-488.68768,-493.5875,-499.88174,-500.18906,-493.58038,-490.39667,-498.91406,-500.84427,-503.28433,-510.15042,-522.8469,-537.0813,-534.41925,-538.2462,-550.4688,-555.0475,-562.284,-569.0917,-569.2534,-572.6,-578.82074
-540.11694,-537.11774,-543.0615,-548.64856,-549.49194,-558.44446,-564.58575,-567.722,-569.27094,-559.5512,-544.60114,-532.93384,-525.483,-533.2348,-545.7638,-554.38696,-560.9248,-565.8996,-569.4132,-567.9513,-571.8343,-573.89856,-564.22595,-537.31604,-522.0798,-525.8771,-530.8935,-538.4934,-544.1344,-507.40106,-472.7847,-467.00906,-442.86618,-435.0906,-452.7276,-465.75842,-478.15726,-489.7076,-496.43762,-498.73508,-503.57117,-504.6721,-500.19543,-502.8032
-485.24908,-449.7944,-417.57797,-439.10168,-463.76147,-481.2913,-482.52673,-487.5193,-490.39114,-494.31454,-496.2644,-497.2307,-504.4638,-509.40878,-513.79846,-525.1174,-523.68823,-532.0355,-540.5673,-541.80505,-544.9791,-552.6281,-540.934,-540.0953,-549.3767,-552.9824,-546.0416,-541.75903,-545.00775,-547.51514,-552.12396,-556.2451,-551.49176,-547.22534,-550.38666,-544.5871,-540.8613,-542.7275,-541.6189,-543.5942,-547.6938,-554.4919,-558.683,-560.4212
-504.37216,-500.81552,-508.3422,-518.04974,-529.18005,-528.5709,-533.2126,-535.2739,-537.664,-540.83685,-539.2726,-541.29535,-539.2642,-529.7847,-524.92914,-525.18933,-529.8627,-538.9714,-542.00476,-545.1822,-550.0398,-554.28674,-552.9888,-528.5775,-496.93802,-513.73627,-542.7994,-551.13745,-537.09143,-541.13947,-567.27893,-579.15326,-582.0838,-584.2355,-582.3255,-578.9314,-576.2134,-577.3597,-577.2347,-573.1659,-504.25812,-487.1157,-533.9754,-555.05237
-346.48712,-335.35196,-326.21988,-330.38458,-358.907,-372.0653,-369.0757,-372.12244,-379.62146,-389.16818,-392.3368,-372.3925,-344.1935,-342.2765,-371.30115,-386.5731,-403.48227,-424.5433,-438.78305,-449.42383,-464.21655,-478.21536,-488.24683,-488.8678,-486.7773,-486.00668,-473.28372,-463.7594,-444.35764,-416.73413,-382.51678,-369.7357,-366.2476,-365.29474,-370.75546,-365.2117,-349.5046,-339.94495,-348.91943,-356.93082,-355.50552,-376.97504,-415.17914,-442.45398
-237.03877,-253.32364,-291.94843,-319.37936,-346.9997,-377.97983,-404.95914,-424.15503,-426.06165,-370.9815,-327.85336,-311.21735,-311.32446,-314.38815,-321.8153,-339.71982,-365.45416,-370.80127,-359.30176,-363.67548,-371.09268,-375.41025,-374.78186,-387.82144,-399.09064,-386.1205,-384.48782,-387.92813,-340.97696,-304.20984,-305.44806,-304.33243,-314.82474,-329.14914,-337.41003,-350.92978,-355.29727,-351.89713,-351.83447,-376.06934,-369.32785,-343.44992,-323.9161,-321.06656
-543.4606,-545.70575,-557.9336,-563.2492,-564.0261,-569.8302,-562.5196,-464.92,-444.84805,-493.70847,-514.5798,-519.68134,-505.47058,-517.8733,-540.4648,-549.34,-562.729,-567.0552,-569.00916,-573.04877,-577.5424,-580.337,-576.9302,-577.6412,-578.5785,-567.21954,-569.219,-570.26227,-573.5541,-572.69336,-570.86945,-563.442,-550.7618,-558.1401,-568.3691,-456.92853,-373.5304,-362.80353,-379.36905,-385.95636,-384.86237,-358.9557,-340.87402,-353.25586
-454.54013,-359.35794,-313.1276,-298.8627,-294.19104,-314.7128,-358.4646,-412.9319,-449.21417,-479.461,-417.2264,-322.50668,-271.62473,-241.17473,-219.74025,-220.6997,-219.11754,-208.92644,-226.79274,-273.60043,-292.4284,-311.96808,-328.85806,-332.06653,-335.97614,-372.066,-406.91318,-393.903,-387.20648,-405.27585,-412.40915,-394.99673,-391.13605,-401.09415,-426.80545,-468.99576,-499.3429,-518.6767,-446.3075,-396.92902,-399.11105,-402.24963,-394.75864,-386.42578
-342.72638,-324.58142,-316.25613,-315.26862,-334.7361,-373.14026,-412.7356,-434.04483,-440.24643,-440.42532,-439.22464,-431.75143,-413.5759,-401.45776,-400.6732,-403.74243,-389.26367,-361.02737,-334.1399,-322.55637,-344.55865,-383.3247,-415.8027,-432.0562,-447.79175,-453.97583,-458.1207,-465.0703,-463.59576,-465.18106,-463.46844,-413.881,-359.02905,-338.76215,-333.25388,-335.61987,-339.72137,-341.42117,-340.02512,-324.69626,-321.20096,-335.15823,-353.60376,-371.174
-515.3619,-515.15576,-529.3232,-544.04376,-555.58636,-566.919,-576.27045,-572.9708,-572.13464,-577.0777,-578.7913,-575.60144,-570.83606,-568.77985,-570.06744,-571.2716,-569.2061,-566.4217,-561.3615,-559.08234,-557.99677,-548.8768,-543.9179,-537.7905,-532.9914,-532.30255,-534.0731,-531.82697,-528.83124,-532.664,-529.1755,-531.7877,-534.8145,-537.78955,-548.3241,-561.636,-567.43835,-570.8661,-572.32605,-572.17334,-567.211,-504.06,-441.76547,-419.7371
-528.63153,-527.4846,-533.26953,-532.5336,-539.6232,-554.555,-559.56006,-558.9116,-561.23785,-556.99963,-557.17096,-551.0538,-533.8569,-503.0198,-487.11,-475.8801,-433.27692,-404.97226,-402.7446,-419.94284,-436.23148,-450.51868,-449.3201,-446.42627,-445.80966,-449.0829,-454.7242,-465.67383,-477.2338,-493.22534,-509.86264,-527.90796,-546.89404,-554.6956,-556.67285,-561.97723,-563.83453,-559.7668,-563.311,-563.96545,-562.8026,-563.62286,-564.8239,-567.27075
-498.2799,-479.78973,-476.79745,-500.4425,-517.7544,-526.3435,-534.9252,-536.50397,-515.6571,-518.6237,-536.95496,-539.70557,-533.74994,-531.0588,-536.1478,-528.2346,-509.2946,-529.14825,-536.78107,-502.9225,-488.0869,-483.29056,-485.82007,-473.18076,-475.30627,-473.97656,-458.32898,-470.95737,-490.0609,-492.44687,-504.7907,-516.22644,-512.51544,-502.74237,-503.57172,-509.57883,-509.98788,-522.3235,-530.4163,-540.92926,-550.3542,-554.4802,-557.6669,-559.2744
-535.92725,-531.3525,-536.4323,-539.5083,-543.09503,-546.2539,-554.9162,-561.82837,-571.09326,-578.5015,-574.6255,-569.1551,-556.7744,-549.687,-536.30145,-506.20728,-481.63577,-470.40662,-471.5197,-485.06015,-485.41818,-488.1508,-493.86737,-493.95508,-491.71274,-496.88763,-486.2319,-465.32944,-418.48032,-376.40247,-347.55127,-327.3525,-319.6849,-300.98508,-278.26105,-280.46512,-300.39893,-339.09506,-396.69638,-372.53137,-332.3063,-325.05228,-322.52774,-331.74612
-372.65524,-373.22116,-407.46863,-449.69272,-469.80063,-469.9894,-430.78253,-399.57834,-378.202,-367.55798,-358.19907,-365.65598,-374.09003,-380.24088,-399.2807,-423.1261,-427.35687,-427.7977,-430.89905,-442.31564,-456.17703,-466.59753,-466.66492,-467.2952,-443.80826,-429.3414,-407.81335,-385.40244,-399.03635,-419.47098,-433.61157,-441.0804,-453.95667,-478.69357,-496.8668,-512.4898,-530.8758,-549.1658,-555.5581,-564.32086,-526.596,-472.11505,-446.37048,-426.48645
-545.241,-537.3871,-541.7262,-544.58374,-547.774,-555.4622,-561.3431,-556.83685,-555.8514,-559.58307,-556.7662,-554.93195,-554.8507,-557.9909,-559.66486,-557.10913,-557.66296,-563.6158,-563.19086,-563.0561,-562.70605,-557.7734,-553.2871,-548.9237,-549.50116,-538.97174,-530.87103,-536.9772,-550.3862,-567.73834,-569.86176,-566.2441,-568.0385,-564.49854,-562.09515,-561.1047,-563.4959,-557.769,-555.0065,-527.7207,-504.8985,-476.54007,-440.64917,-445.58386
-564.5114,-560.88153,-565.46686,-567.5309,-573.96423,-568.198,-569.449,-574.4698,-572.50903,-570.6705,-559.6361,-386.36328,-281.91885,-267.02026,-295.04398,-332.8958,-369.0889,-388.94516,-414.6066,-423.95016,-399.03568,-377.95486,-377.94403,-394.76004,-406.3444,-410.2979,-392.55914,-369.33658,-363.4528,-369.9734,-402.1888,-426.9536,-446.18732,-468.04477,-488.06094,-507.1569,-518.6975,-523.6352,-514.92816,-508.84756,-503.81262,-509.22754,-517.29126,-526.75446
-578.0551,-566.9952,-569.9664,-571.7738,-562.61084,-566.13855,-574.03326,-576.3076,-574.43475,-569.97595,-567.8719,-560.9977,-562.27454,-569.6793,-569.10156,-574.707,-578.1215,-559.7702,-500.04144,-447.42676,-415.38303,-415.9104,-420.06656,-416.38644,-417.97726,-374.81204,-351.63342,-352.78683,-354.2522,-361.79388,-374.20932,-390.92072,-407.4589,-411.943,-407.68918,-410.15973,-425.13266,-445.6267,-455.13214,-404.0915,-345.13794,-328.90384,-329.77036,-332.10617
-314.50092,-313.76572,-327.35397,-337.51242,-338.36597,-345.0994,-354.61505,-360.53613,-370.1239,-371.4844,-362.48077,-352.2801,-339.32974,-357.93054,-397.3213,-410.7303,-442.30884,-478.8167,-504.13892,-518.2969,-526.2267,-537.0568,-545.4034,-558.06134,-564.17303,-566.37897,-562.2437,-499.64896,-426.90863,-382.325,-357.14417,-351.65988,-351.07785,-355.3565,-362.89725,-375.4671,-391.89917,-404.50754,-404.35892,-374.4944,-341.2897,-339.34073,-340.24286,-340.917
-476.36728,-425.75226,-368.63254,-353.0237,-344.75418,-356.78238,-388.30624,-416.74915,-427.26514,-420.83588,-363.11502,-292.06317,-272.97568,-265.00623,-269.02835,-309.71884,-355.03287,-398.25156,-428.9476,-395.6099,-378.0208,-385.01154,-394.20703,-405.16278,-411.26846,-431.27057,-451.68716,-445.59784,-412.40665,-394.076,-390.8505,-396.57352,-414.42612,-421.4668,-436.949,-480.29727,-507.7844,-523.6114,-529.8341,-545.0032,-563.4981,-564.1274,-560.9675,-562.1178
-382.2498,-390.67587,-403.58826,-394.45056,-398.33105,-409.00742,-412.77454,-409.9377,-415.55057,-428.19485,-425.59372,-404.97382,-404.8243,-426.2717,-450.22452,-430.4169,-403.3441,-405.14606,-416.39737,-412.39496,-389.04602,-388.64728,-412.323,-428.3164,-439.69974,-453.59183,-458.08072,-453.35773,-455.3394,-450.01575,-440.40564,-442.57788,-440.61133,-439.17657,-443.29095,-457.61374,-461.58768,-425.86533,-387.9689,-388.24728,-400.80905,-403.24957,-388.6654,-378.9158
-511.0254,-502.5198,-503.12225,-509.8053,-512.99493,-521.492,-535.62555,-544.87964,-544.0479,-537.6175,-526.02454,-527.18744,-539.6469,-542.50586,-543.0037,-546.1997,-548.19,-546.2254,-545.8136,-548.83,-546.92505,-546.7024,-542.32294,-539.9215,-535.4155,-532.9457,-531.7092,-528.7086,-523.2458,-525.74,-526.0637,-514.76624,-524.37445,-532.24945,-542.1956,-551.94696,-557.53625,-561.7051,-569.7023,-568.2724,-559.08136,-557.1545,-549.6581,-548.6453
-359.55228,-395.36615,-457.2803,-484.80948,-496.26193,-516.6235,-533.51215,-546.99677,-552.27277,-559.52545,-567.0818,-568.4462,-574.0294,-577.70764,-577.4376,-577.413,-579.2958,-573.3182,-570.03973,-569.84406,-569.032,-574.083,-573.0334,-571.2907,-578.4267,-576.3319,-513.0959,-449.7466,-416.31186,-397.17072,-400.49252,-404.47702,-411.5508,-429.33282,-454.32913,-473.58063,-481.71872,-481.07748,-479.69608,-473.13138,-474.46432,-491.11145,-512.2058,-532.1741
-532.7505,-524.01825,-520.89185,-511.24985,-509.4267,-519.1655,-528.1157,-532.0939,-536.3023,-556.05084,-565.1936,-572.2996,-577.24713,-576.2598,-580.2315,-580.4524,-568.4835,-485.08203,-449.13217,-420.16763,-399.44666,-396.90933,-403.9059,-414.389,-416.39297,-419.1204,-423.20255,-428.32294,-430.33722,-430.29822,-435.34082,-428.36047,-418.63907,-426.62656,-441.43436,-447.9725,-458.5427,-467.08762,-472.94186,-471.8365,-472.91382,-484.57745,-494.552,-502.76962
-549.1896,-549.4455,-555.45636,-561.98846,-570.0219,-573.2318,-572.34784,-570.9075,-571.7681,-572.0419,-572.2815,-576.65405,-571.37427,-512.155,-468.553,-443.48666,-431.64117,-422.93073,-412.81476,-406.1019,-385.61545,-373.94165,-372.34045,-382.02945,-398.02438,-415.07977,-424.54123,-418.86606,-403.3225,-404.19412,-416.87836,-429.91754,-442.71884,-451.85806,-452.45288,-452.08862,-448.55377,-466.48157,-498.28546,-514.91583,-523.2633,-527.292,-534.36664,-546.7817
-410.76678,-409.43976,-414.89658,-419.51413,-421.52045,-431.627,-435.49606,-436.66104,-426.2926,-420.78732,-439.12616,-456.62265,-474.09482,-496.41873,-514.8169,-528.5175,-538.2219,-535.18555,-520.47504,-518.1779,-527.0051,-528.1768,-523.9883,-517.6281,-514.66504,-513.64044,-514.9037,-519.1634,-508.44162,-501.82596,-497.23322,-517.8443,-527.4825,-526.95526,-532.80774,-534.0162,-537.3761,-538.28937,-524.1401,-505.8372,-497.48587,-491.58405,-495.58798,-505.32394
-553.3911,-550.68304,-549.5588,-553.1583,-563.2181,-560.5497,-560.91296,-570.5285,-569.04565,-567.7747,-572.1029,-576.1463,-430.0835,-308.9045,-268.29575,-276.05054,-309.0278,-339.44775,-349.05396,-347.0452,-349.02747,-361.9754,-366.39886,-373.2899,-376.97708,-381.27133,-402.1347,-448.4256,-480.5271,-507.8538,-516.83136,-403.3365,-322.23816,-287.4471,-289.43695,-307.94278,-333.93118,-365.6127,-407.8788,-430.25555,-417.69888,-400.15518,-394.58353,-399.43213
-560.6965,-558.74097,-561.8982,-564.20514,-545.8402,-442.25067,-400.4297,-396.7167,-368.9846,-349.0243,-366.21994,-387.29718,-397.35992,-395.44153,-389.84146,-397.20547,-403.08487,-394.11603,-386.08853,-387.26996,-380.15607,-365.37253,-365.00894,-374.04544,-379.014,-392.2651,-403.67828,-422.31058,-450.90848,-475.1312,-495.8941,-514.0529,-490.9769,-473.539,-439.56967,-440.63666,-465.3648,-466.60544,-474.75107,-481.47092,-452.4304,-403.5054,-395.9894,-399.66318
-401.1931,-405.84985,-418.97742,-413.337,-388.33514,-375.6062,-386.43307,-408.0228,-412.50095,-419.23965,-433.59824,-402.7946,-364.90295,-378.66962,-433.63855,-443.67804,-408.3454,-389.29144,-404.52954,-433.79477,-465.28293,-491.79898,-510.84097,-528.42725,-542.10645,-550.5948,-552.6892,-547.8351,-551.1082,-552.48596,-553.718,-554.92816,-551.5173,-554.9588,-559.8788,-564.7505,-568.0182,-571.4982,-578.5141,-575.95087,-569.68665,-566.51447,-565.15155,-566.64325
-380.9,-372.1837,-367.0989,-354.4267,-334.87103,-325.66745,-331.1106,-340.84494,-356.04907,-378.42883,-400.39447,-410.98813,-424.66034,-440.12946,-444.88504,-451.97845,-461.92892,-468.5185,-463.38638,-458.46707,-468.74637,-486.58752,-491.19205,-494.4234,-492.87283,-501.03885,-511.79153,-520.4129,-533.9854,-547.2747,-559.2046,-567.3605,-571.7549,-572.58075,-575.54126,-574.138,-566.58307,-562.7514,-558.2614,-547.98364,-536.7367,-523.42267,-517.5189,-521.66534
-569.651,-566.63104,-572.48254,-573.8715,-574.6427,-569.4011,-543.0447,-544.01953,-562.9548,-571.5836,-571.97107,-575.4614,-576.2354,-576.86334,-578.3905,-572.30865,-573.0078,-571.73425,-572.5485,-579.5634,-581.1016,-578.47235,-573.1433,-558.48364,-541.24805,-538.441,-547.43665,-549.92426,-526.3185,-500.5524,-513.2298,-549.0403,-556.25757,-553.85767,-549.4758,-551.0766,-567.37415,-569.41724,-564.3128,-564.72235,-567.71704,-573.87384,-574.31476,-576.7646
-383.26038,-403.3612,-432.3074,-443.5377,-454.3305,-463.4179,-468.21344,-462.19363,-467.32986,-499.23,-527.6884,-543.78253,-549.8148,-557.08777,-500.05026,-420.4461,-380.1669,-370.5744,-367.78348,-367.31137,-365.64783,-363.2325,-345.9218,-344.61008,-356.8628,-376.86874,-392.70898,-399.54398,-415.15488,-397.62146,-382.66336,-388.05978,-397.9618,-425.17816,-460.57678,-488.29163,-508.54614,-513.171,-497.14316,-510.04565,-534.65454,-542.77216,-557.2222,-569.24664
-519.16516,-516.6006,-510.6843,-499.92944,-500.51935,-487.88953,-478.11026,-456.48315,-437.9583,-443.64053,-449.5963,-467.25327,-470.7124,-479.3871,-501.6829,-514.1181,-518.22687,-539.8276,-555.8652,-558.79895,-558.5453,-567.32654,-573.2508,-568.00757,-565.3674,-562.405,-559.07556,-551.18195,-544.7373,-543.8332,-545.4919,-544.56903,-536.173,-521.88745,-515.4169,-519.01404,-515.64124,-474.1006,-417.24054,-403.2677,-393.48007,-386.81183,-394.175,-413.69406
-470.58023,-477.78207,-500.01166,-511.5437,-522.06885,-527.4578,-490.51495,-398.32632,-381.4876,-399.36246,-404.15894,-409.5948,-415.58258,-432.274,-448.6389,-454.60794,-441.1279,-423.85242,-401.65182,-400.43845,-408.02667,-408.15942,-408.26654,-423.44647,-456.19305,-489.21915,-519.32007,-544.0434,-554.51715,-560.74347,-562.719,-567.08057,-570.50336,-561.6176,-490.5322,-438.422,-409.44815,-380.28024,-372.3908,-380.10992,-393.61542,-421.3543,-440.97763,-450.1633
-457.062,-462.84146,-467.9697,-451.88092,-440.6707,-437.86414,-438.13568,-430.36365,-424.48975,-426.8029,-427.9693,-436.9558,-457.60052,-464.8633,-467.85593,-465.24146,-464.51044,-486.99142,-521.87915,-541.60095,-550.8781,-524.628,-488.41812,-509.99765,-544.8209,-542.92914,-530.43774,-525.51196,-520.16156,-518.0869,-514.50183,-514.7316,-521.8675,-531.11053,-537.98505,-535.2869,-535.4332,-531.6346,-528.8905,-527.8988,-521.8973,-520.6359,-527.2434,-537.19147
-408.00458,-410.33255,-421.58926,-423.68466,-425.56012,-424.97314,-423.20462,-434.00198,-443.04916,-446.28854,-458.05966,-469.24353,-470.24365,-448.0799,-447.02847,-453.64603,-443.62793,-463.97986,-485.7691,-500.90884,-514.9846,-522.7237,-530.2237,-539.6945,-546.3831,-529.29706,-499.0103,-471.67902,-461.51285,-461.0014,-460.0773,-464.81082,-455.05963,-444.69247,-442.63425,-436.02313,-439.29987,-454.78656,-472.53568,-484.31705,-490.38522,-485.59946,-475.9022,-474.11597
-456.9895,-431.57495,-406.16956,-404.8971,-409.04556,-416.096,-421.04556,-430.96207,-441.06235,-452.51306,-459.0451,-466.61243,-475.7282,-480.46527,-479.6661,-487.71368,-502.2944,-507.03845,-504.51987,-513.019,-533.8895,-539.4068,-548.8525,-560.4581,-561.3016,-558.6622,-564.82434,-567.561,-565.39996,-559.2848,-514.5548,-460.9223,-410.2186,-395.19565,-400.01764,-413.25665,-420.84973,-418.63266,-416.8766,-416.84167,-416.0364,-419.51535,-408.48346,-391.51566
-575.1229,-573.4555,-573.05865,-492.96985,-434.9735,-412.2385,-410.35318,-413.00638,-413.08325,-418.81876,-433.2087,-443.21613,-434.67303,-424.38254,-414.8655,-404.25967,-398.02475,-389.25266,-382.8313,-383.8798,-391.67508,-401.64792,-407.93332,-414.9129,-424.05682,-442.17203,-472.05487,-486.62234,-503.4229,-525.74304,-540.35864,-543.2397,-543.7343,-543.18085,-542.92206,-544.9624,-545.4581,-530.0852,-534.88306,-554.11774,-559.2294,-562.3294,-536.51306,-531.2779
-336.76587,-348.98694,-365.69064,-352.09924,-341.5732,-344.3342,-355.03842,-370.99695,-383.97055,-399.3862,-414.43155,-439.6723,-458.20874,-421.5295,-373.8318,-349.28525,-339.44522,-334.33368,-338.0733,-346.4071,-352.44806,-367.05426,-375.45026,-380.93283,-394.49228,-409.2232,-418.59677,-419.7846,-422.06308,-416.5242,-410.41867,-419.7339,-419.53952,-410.5945,-406.71143,-419.28583,-433.72766,-439.83112,-415.93924,-391.66382,-385.00232,-373.7548,-369.41476,-376.05048
-415.7377,-421.92047,-438.15076,-454.71277,-387.0567,-358.3555,-384.9731,-401.69308,-373.63074,-371.67426,-395.72482,-414.606,-426.1603,-426.65533,-423.13788,-400.3828,-380.76224,-383.8016,-405.72913,-413.12454,-423.0199,-434.72763,-445.8257,-434.58832,-436.05475,-440.69708,-439.61594,-437.85074,-433.16522,-440.2106,-444.97495,-435.52396,-449.21597,-482.6836,-498.41046,-513.3937,-521.0321,-528.88135,-533.51544,-487.53268,-463.63858,-461.9641,-465.51163,-473.57584
-298.5824,-305.233,-322.15012,-339.23413,-353.21872,-357.61874,-357.38516,-357.92566,-371.36514,-378.8781,-385.72018,-390.80026,-401.7666,-416.18973,-430.35016,-433.4451,-448.27994,-467.8737,-484.79248,-498.22324,-511.00867,-529.211,-538.3848,-540.81116,-547.55054,-537.7413,-536.2484,-551.82043,-559.45087,-565.28595,-567.8957,-571.96826,-575.46216,-573.8934,-573.4887,-551.4536,-488.17172,-448.30536,-432.8505,-432.44336,-378.56906,-357.5331,-356.51932,-359.01505
-358.35297,-368.08093,-384.43423,-343.82477,-319.54218,-327.4139,-335.62332,-342.25827,-348.60654,-351.0406,-345.54523,-345.27057,-350.69064,-364.70187,-386.64105,-420.02917,-443.0515,-467.87793,-460.38925,-436.99078,-410.982,-384.60522,-371.8283,-376.95493,-399.74295,-410.16885,-418.3625,-438.42667,-454.2617,-459.51392,-463.86377,-461.41605,-455.08536,-453.26575,-458.19635,-469.34808,-476.53256,-476.35397,-473.637,-475.81726,-470.68002,-458.11465,-433.96597,-422.29
-551.2454,-541.7308,-539.5769,-537.3667,-537.7892,-529.7263,-533.0709,-541.4872,-536.8218,-527.0613,-519.44836,-511.42804,-490.07056,-467.61337,-451.65155,-463.8192,-450.76685,-470.1088,-504.12686,-501.9806,-499.19537,-496.51544,-473.1114,-461.14987,-475.18564,-497.00595,-501.6112,-492.17877,-495.01236,-486.52542,-474.54623,-470.98715,-474.15466,-474.44778,-472.00323,-462.1548,-442.15695,-436.88513,-457.42496,-481.4382,-504.16904,-512.3827,-529.34344,-548.4048
-578.09796,-573.17413,-569.8624,-464.5973,-391.2635,-373.35376,-370.49606,-370.39502,-373.3276,-378.73602,-389.62006,-407.2464,-419.25925,-426.92978,-431.80573,-437.17377,-445.6366,-453.73273,-466.7363,-487.59143,-500.09592,-506.50674,-486.46097,-437.06985,-427.02533,-432.2654,-434.91757,-440.04346,-448.8936,-456.14502,-465.56845,-467.07733,-469.95523,-474.70535,-472.5579,-470.19363,-473.66943,-482.78482,-492.1673,-495.10205,-495.63965,-501.0213,-505.1126,-502.62598
-438.5208,-446.53522,-448.7946,-444.61264,-444.73425,-447.21524,-451.39108,-464.9612,-487.79932,-514.3766,-528.183,-539.25934,-550.60046,-559.20416,-563.2521,-570.03656,-572.46014,-576.4521,-573.4339,-574.7757,-575.6163,-577.86273,-580.2574,-576.45294,-578.716,-577.1791,-575.25183,-574.1936,-580.6731,-569.09,-481.00485,-430.6644,-401.30002,-392.64206,-391.19766,-400.39316,-418.13367,-435.69092,-455.0146,-484.1722,-509.08417,-524.81055,-533.19,-538.7594
-463.65967,-469.35843,-482.83084,-482.77844,-476.40625,-474.23282,-481.5826,-494.2109,-505.4376,-516.14343,-525.74457,-527.71796,-521.52295,-526.75665,-543.4412,-550.0818,-555.6663,-559.7863,-563.98456,-563.8638,-567.2067,-567.7409,-566.8903,-568.9075,-573.2169,-570.65845,-571.03375,-546.2199,-517.5297,-504.95435,-511.9321,-521.36804,-523.6143,-525.162,-536.1268,-549.5755,-554.3771,-559.04956,-567.5389,-572.05176,-567.7635,-566.48517,-557.83746,-551.13385
-431.47824,-408.97235,-382.79285,-375.33853,-375.76984,-395.12482,-405.0837,-396.9911,-381.7913,-369.55927,-362.42752,-365.69583,-378.53128,-408.68146,-418.018,-406.7774,-391.07544,-381.02127,-378.7056,-393.1732,-414.766,-417.19922,-419.4904,-430.3265,-423.69626,-385.3605,-370.95755,-380.93298,-389.71738,-399.15363,-413.64404,-424.16284,-429.5941,-429.3794,-431.55014,-441.18866,-452.34006,-458.9324,-462.39578,-459.40906,-449.75177,-428.25195,-383.0342,-360.0542
-354.3995,-348.86194,-353.04858,-354.05112,-352.9812,-351.7526,-345.93887,-340.24246,-332.03604,-333.34982,-344.72614,-349.32578,-355.31882,-363.91632,-373.7635,-378.0455,-382.5029,-391.36246,-396.12357,-380.76913,-373.3921,-406.13428,-450.0979,-484.6436,-507.13263,-521.6897,-534.9827,-547.61554,-559.8024,-561.6413,-560.7562,-570.18945,-568.24133,-572.026,-576.1392,-551.80743,-471.5274,-429.56235,-421.12253,-426.56094,-431.10855,-437.76483,-427.29196,-425.76294
-567.18195,-542.5728,-489.47696,-435.36008,-409.168,-399.87396,-391.32852,-382.11115,-386.9804,-386.57895,-380.68387,-371.53558,-338.5867,-302.40457,-294.2756,-299.89545,-308.64636,-319.38986,-321.75244,-341.8947,-356.75772,-369.61053,-395.39517,-426.12772,-466.30066,-485.93634,-473.6442,-474.67438,-472.9484,-477.04944,-494.86996,-501.05182,-508.8241,-517.9025,-518.10126,-531.2801,-535.9571,-535.7107,-512.60175,-502.07724,-515.8916,-538.90686,-556.336,-563.6166
-571.08167,-551.51874,-536.51276,-510.4459,-471.18713,-448.7036,-445.52194,-454.05197,-476.93152,-500.07242,-514.2964,-529.70355,-529.1699,-524.9222,-527.35706,-533.7259,-528.7649,-514.9637,-498.46863,-492.8151,-491.9155,-492.93887,-500.35632,-513.8492,-527.1687,-543.3526,-551.70496,-553.9987,-557.2753,-563.2245,-571.0822,-575.16534,-566.9831,-560.4089,-571.25146,-578.6685,-576.3052,-571.35645,-572.56934,-575.8326,-561.27673,-559.11127,-565.9044,-571.8847
-468.2177,-473.36777,-489.76163,-499.5635,-511.2881,-516.279,-522.398,-523.4846,-524.2429,-533.27,-530.92413,-509.41586,-501.73627,-488.9386,-478.32513,-485.73117,-482.94455,-486.23895,-502.77155,-519.4631,-526.2945,-530.2462,-518.01855,-481.24295,-442.21423,-438.79218,-467.22348,-474.3725,-475.21298,-457.04492,-440.15686,-432.65137,-419.86005,-424.17145,-443.6886,-467.1137,-478.88913,-497.2408,-530.1904,-524.677,-464.5338,-460.31503,-494.25912,-518.7527
-439.0807,-423.03568,-420.967,-417.97406,-414.3458,-409.8786,-413.82214,-421.90128,-432.29352,-440.1691,-442.6111,-431.10724,-393.92255,-378.93732,-388.00174,-408.18964,-408.68695,-411.73813,-426.19882,-432.18448,-435.84454,-436.86777,-429.11533,-422.59573,-420.8088,-415.2003,-408.73163,-409.68994,-415.54727,-428.62054,-441.75443,-454.19656,-463.99695,-456.55005,-453.8583,-458.55838,-463.186,-471.83066,-481.75757,-489.5626,-496.65115,-497.53036,-493.7501,-489.66702
-376.865,-402.757,-438.63364,-449.9352,-453.809,-459.95914,-481.56833,-507.86502,-520.0247,-524.41846,-510.7443,-472.58444,-453.2367,-446.6411,-434.60135,-433.48196,-436.60553,-437.07294,-428.7787,-421.26456,-425.1865,-432.92514,-441.11194,-473.47437,-472.44797,-454.94638,-403.46268,-342.06076,-331.09265,-333.05832,-344.31442,-374.75504,-421.66165,-459.47147,-477.50195,-471.64514,-475.54373,-481.65848,-464.06125,-449.33356,-449.79465,-465.61108,-484.7545,-497.63016
-353.35144,-356.96664,-384.873,-424.39603,-437.51343,-411.0637,-396.48007,-368.82086,-338.12964,-341.24765,-345.53125,-339.0063,-365.56686,-420.08417,-456.4457,-442.34003,-365.2666,-331.82672,-335.34988,-360.04465,-391.15515,-419.82547,-451.4107,-477.25574,-506.8754,-523.13306,-412.9465,-342.70837,-330.8997,-352.36115,-372.33353,-376.43143,-376.5939,-395.42905,-416.40976,-437.08304,-452.76102,-464.18927,-474.89972,-475.81647,-467.1122,-469.39343,-458.7028,-433.1227
-278.17783,-270.19022,-268.194,-287.44803,-330.71295,-378.98618,-389.64233,-331.66888,-294.0424,-284.1263,-281.59906,-277.39722,-271.48334,-274.54327,-284.9942,-298.95584,-312.7997,-326.029,-342.77667,-350.3601,-361.6841,-368.64175,-370.23514,-367.60968,-372.07324,-386.39023,-409.51843,-421.9584,-387.88846,-303.6131,-270.85138,-264.71124,-274.2059,-286.07596,-299.0968,-325.41785,-366.64197,-399.47925,-416.9653,-409.2689,-369.00287,-337.57135,-319.14664,-315.4338
-530.19135,-518.154,-509.67844,-508.56363,-508.16324,-515.8355,-528.51587,-542.4494,-552.95355,-559.58606,-505.74188,-482.3453,-486.52682,-495.715,-520.85205,-501.38397,-529.0696,-553.545,-560.9098
-581.31464,-579.0943,-582.97705,-577.2078,-573.87573,-576.97363,-573.52997,-577.0156,-578.6397,-572.97424,-575.57855,-574.5154,-571.1372,-570.62756,-567.64703,-568.3032,-569.9908,-567.43054,-565.4408,-569.0324,-574.2121,-573.4296,-568.6912,-570.5156,-571.6283,-576.9405,-577.497,-574.5702,-550.7059,-465.68143,-423.8619,-412.37582,-414.30957,-415.32687,-425.43375,-451.31396,-467.06076,-480.66486,-494.14502,-505.05826,-514.28766,-518.017,-517.18146,-507.04977
-539.2303,-537.32733,-538.40717,-529.7428,-486.2756,-443.84778,-415.33313,-410.0975,-439.15128,-452.45667,-435.40366,-412.18213,-399.6077,-394.30765,-398.58572,-407.9061,-409.33218,-416.2958,-428.06308,-432.57782,-432.94916,-443.88852,-456.194,-471.6031,-483.78143,-487.043,-487.4067,-482.0096,-480.3468,-479.2228,-480.1878,-491.13074,-507.91086,-519.13153,-527.95575,-532.3801,-535.7836,-543.4619,-554.6067,-562.0891,-561.9168,-562.5621,-560.72296,-564.82007
-432.29196,-445.72232,-479.8357,-502.80118,-515.0432,-527.29694,-536.22345,-532.7928,-530.757,-525.6016,-539.6762,-553.381,-537.32556,-521.6752,-523.6069,-513.0538,-500.06137,-512.0499,-514.2543,-502.3442,-487.79788,-483.25284,-480.38828,-480.5833,-472.65594,-469.5672,-482.08084,-494.08728,-501.85297,-505.21497,-512.5579,-520.8033,-516.41125,-521.3224,-526.6929,-529.5334,-536.1182,-542.95496,-542.3148,-539.8058,-536.4019,-536.7623,-533.92926,-538.0679
-548.7491,-551.021,-556.3637,-563.6398,-570.816,-570.1964,-570.1435,-572.6926,-571.0399,-572.10516,-568.1796,-560.42975,-561.8211,-561.45825,-535.76587,-487.9625,-462.97488,-442.57233,-430.86325,-440.31903,-448.8779,-464.38846,-484.29456,-508.65732,-526.668,-512.2498,-470.1427,-459.14288,-454.13855,-450.71756,-456.72888,-467.5584,-462.0872,-467.2217,-476.83243,-483.96988,-496.37442,-510.04712,-517.9713,-517.5007,-519.3677,-527.6183,-536.6975,-540.593
-453.69086,-462.88245,-480.05325,-488.0852,-482.10803,-483.33173,-449.7818,-405.38672,-387.9669,-392.24408,-421.22714,-449.0046,-451.91077,-459.223,-449.3064,-418.32684,-402.8131,-392.63913,-383.28174,-384.94467,-393.89346,-403.50082,-409.40576,-408.72144,-414.0757,-418.31985,-421.65027,-418.80807,-419.35565,-426.81085,-465.02853,-498.20526,-531.5801,-549.8726,-552.85645,-561.883,-574.7332,-456.3379,-389.04883,-408.6011,-434.10327,-420.38248,-406.21066,-402.9135
-420.16602,-420.11038,-435.8331,-444.69672,-450.79413,-463.21255,-397.83652,-363.6234,-371.47232,-380.88257,-384.3637,-386.22342,-387.05,-382.6696,-399.66064,-426.4912,-455.76233,-486.28787,-434.67545,-397.23618,-424.83463,-448.91525,-444.1456,-452.59213,-506.27295,-524.1508,-437.59534,-360.0849,-360.7787,-389.8166,-404.86826,-427.2382,-445.6177,-449.05432,-474.58557,-519.3476,-538.56445,-420.07986,-355.66324,-367.11008,-389.09042,-390.69565,-392.65054,-395.94022
-555.7143,-555.1587,-562.4587,-565.49286,-541.1166,-539.072,-559.1503,-564.8019,-556.6569,-508.86874,-443.43338,-394.52338,-372.9926,-373.7875,-377.85535,-389.6637,-405.32797,-418.46564,-432.5706,-435.97488,-441.05838,-438.92352,-443.6439,-449.87384,-440.31638,-444.3278,-459.5019,-480.0695,-494.0356,-515.9468,-540.0635,-552.29614,-557.08234,-550.2999,-544.01843,-540.8789,-537.1256,-541.5448,-544.27637,-556.7737,-556.3533,-557.97217,-562.4903,-572.7526
-509.69455,-511.29205,-514.78925,-513.3664,-459.55957,-424.08353,-410.94354,-384.07666,-363.23895,-363.54208,-379.32382,-402.24542,-425.0322,-449.85413,-471.94208,-411.73813,-370.55432,-383.84552,-390.05066,-380.27963,-381.41074,-384.2875,-395.4123,-409.2404,-414.78854,-429.7816,-450.85587,-456.0478,-459.44858,-413.75824,-391.54117,-388.33557,-410.3564,-447.60992,-476.5947,-502.54132,-514.9496,-513.384,-453.93893,-407.13745,-396.6746,-400.69553,-396.01193,-400.6875
-430.14996,-439.02933,-461.9358,-489.72714,-510.61905,-521.72864,-533.5219,-551.88983,-559.6781,-557.2363,-561.6788,-562.9835,-561.1026,-500.23148,-469.8925,-438.67783,-420.5293,-414.09702,-403.80295,-401.0332,-401.58804,-398.03815,-395.3515,-392.6333,-398.22873,-403.47162,-410.02948,-430.77277,-456.50647,-471.40305,-487.35745,-497.3026,-509.6655,-525.15045,-530.8014,-538.4026,-544.67615,-544.58777,-549.67285,-552.1452,-549.3561,-467.09537,-440.96747,-471.51535
-462.82007,-472.86118,-494.07306,-503.59216,-496.72153,-511.5196,-540.4488,-558.2946,-567.08636,-573.2462,-575.27985,-570.9018,-571.6288,-576.4086,-549.4143,-484.75446,-452.59418,-445.6401,-470.3018,-515.5803,-537.0964,-549.1777,-557.62445,-562.3232,-566.1604,-568.03296,-570.3363,-571.8714,-471.13785,-379.97736,-349.66547,-332.44934,-334.47763,-346.2047,-374.27545,-415.7346,-399.9275,-341.6499,-324.72247,-336.7069,-336.71432,-331.80972,-325.84665,-326.9352
-532.1726,-533.05615,-544.29285,-552.8436,-538.2882,-477.7487,-441.4411,-417.57733,-416.67053,-418.50406,-414.6394,-402.94348,-395.6813,-416.7148,-452.4307,-489.79648,-508.83963,-522.351,-518.69476,-529.89386,-545.0566,-527.95154,-528.53394,-545.8923,-532.28015,-534.2188,-554.09625,-539.21735,-534.3948,-504.1402,-431.56906,-409.9259,-410.07843,-421.9116,-429.50815,-420.0312,-414.8776,-417.27023,-429.21628,-461.50793,-493.6405,-506.8155,-437.88663,-414.51364
-446.7868,-433.32697,-415.89496,-420.7804,-423.94537,-421.9543,-418.64386,-410.2389,-400.3256,-397.99533,-394.5906,-371.31064,-364.7773,-378.18378,-395.8825,-421.08054,-437.91312,-443.0762,-440.01657,-407.86673,-355.08078,-334.38202,-340.89844,-338.3365,-342.55563,-372.23755,-405.266,-430.4231,-440.14673,-442.00568,-442.9459,-435.1228,-426.77658,-422.81738,-419.28937,-418.6562,-422.9681,-399.7877,-359.80185,-340.0088,-333.10226,-347.3683,-388.26813,-413.611
-566.59625,-561.00464,-561.0023,-563.7004,-561.91046,-561.4641,-562.6783,-553.2997,-551.543,-544.939,-548.5792,-548.4582,-544.43726,-543.2895,-537.7091,-527.0847,-518.2009,-518.5829,-515.51196,-517.8477,-531.12823,-550.7952,-563.3094,-562.7987,-561.741,-566.7736,-559.53455,-544.7456,-522.66785,-470.8136,-438.78973,-440.6847,-440.99707,-428.90833,-412.28848,-383.27405,-331.5894,-322.5323,-330.64493,-329.35577,-325.20316,-311.75363,-304.46274,-299.1257
-474.67792,-488.91235,-512.2284,-526.7274,-532.91364,-538.21893,-543.70514,-548.5652,-548.92596,-539.0848,-507.95056,-483.7446,-492.89175,-511.44165,-522.3276,-525.92535,-530.9637,-528.9504,-525.8965,-521.20734,-520.4054,-514.9201,-511.91504,-512.403,-514.51886,-517.52966,-514.0267,-512.5218,-507.36246,-501.1047,-504.80243,-508.6922,-518.55066,-520.354,-512.3968,-503.15558,-509.1734,-510.22812,-515.0144,-523.13556,-529.35333,-539.5469,-545.532,-555.6935
-383.13553,-385.89627,-385.32547,-382.09686,-364.4799,-343.41144,-330.4595,-320.5186,-318.65314,-327.89108,-344.14572,-356.0003,-334.6217,-313.34448,-308.85153,-312.84158,-332.16733,-357.10156,-373.2256,-399.9732,-423.6472,-440.1561,-453.59314,-472.581,-492.9761,-508.70364,-513.1909,-526.4277,-549.1626,-559.97687,-514.44446,-429.18878,-395.95004,-400.32947,-401.00446,-403.6418,-411.75745,-408.26785,-400.14233,-425.26312,-445.36694,-447.95825,-458.79123,-456.13364
-565.19226,-565.7615,-572.09485,-569.15173,-572.3823,-583.50775,-583.7636,-572.34985,-561.1676,-566.0861,-562.2019,-497.44485,-464.95914,-459.70926,-436.53195,-411.57687,-403.75867,-414.35556,-423.4967,-426.50552,-426.94937,-437.29202,-453.3886,-470.82913,-484.75052,-491.67575,-494.5245,-489.28906,-486.0248,-483.60275,-495.39777,-515.15967,-519.90063,-523.3158,-531.6933,-533.65314,-525.0648,-504.89172,-488.5286,-484.17966,-478.2576,-478.96133,-494.41312,-507.6059
-358.89743,-361.13013,-366.46417,-368.06186,-372.88583,-376.7884,-380.8935,-380.92572,-374.44418,-389.29007,-398.8091,-405.59952,-417.8348,-439.18427,-474.60895,-501.9418,-524.00653,-538.524,-517.2876,-459.40427,-424.15997,-424.28745,-426.3276,-425.72205,-424.6046,-429.3947,-434.67404,-449.1396,-465.05273,-469.68558,-469.33954,-471.81247,-480.78375,-490.45242,-477.4647,-452.0192,-416.90356,-403.26172,-406.10526,-415.4917,-413.5312,-406.8762,-417.9464,-431.09265
-481.00757,-489.51572,-512.1333,-508.03778,-491.45544,-479.78143,-468.53265,-455.87766,-460.15268,-477.30643,-485.67496,-493.75604,-479.76862,-420.31015,-395.35904,-384.54083,-360.72995,-372.1044,-411.9767,-426.8465,-441.6365,-463.74634,-484.974,-506.56052,-476.25967,-401.94305,-396.0893,-436.15176,-445.63248,-437.0576,-447.18173,-464.21906,-479.754,-493.30603,-511.37872,-526.68024,-538.3353,-531.8939,-469.10638,-433.74518,-429.2965,-447.5361,-479.85696,-505.60315
-465.51715,-471.62067,-494.14145,-503.2091,-496.9899,-495.28143,-493.69803,-490.08353,-484.04703,-478.99854,-477.01422,-473.7283,-474.4348,-474.12173,-468.6291,-466.40652,-470.2991,-472.72318,-472.5166,-471.37485,-475.5763,-479.17792,-480.08096,-481.68396,-472.78745,-461.42087,-456.1103,-451.51227,-451.49146,-448.8482,-443.8505,-436.75345,-435.28992,-443.54645,-446.31622,-444.56027,-450.73718,-456.58502,-457.1391,-461.98965,-476.3949,-491.88187,-501.74368,-513.81274
-584.2089,-573.7521,-569.5383,-572.2388,-577.569,-574.8812,-573.1887,-576.41504,-576.70325,-497.52576,-399.68442,-361.92606,-355.66486,-356.6283,-358.18988,-356.7815,-358.0347,-340.5981,-327.099,-323.83798,-324.72998,-353.71277,-378.45782,-365.92694,-370.39496,-388.85962,-420.09238,-445.91757,-462.66647,-476.07776,-486.53098,-482.54715,-444.83722,-438.4172,-442.7526,-439.8187,-438.37762,-424.6489,-397.562,-391.1427,-398.6185,-407.5028,-423.0175,-437.63953
-533.97266,-514.89905,-508.58762,-490.97318,-471.33536,-459.89087,-458.5702,-463.21707,-467.3553,-461.34207,-449.2371,-457.1357,-455.19125,-444.48346,-445.39154,-445.9971,-437.49158,-431.42032,-418.65192,-402.23718,-375.04013,-373.944,-404.09512,-419.08142,-432.54364,-437.4621,-450.32635,-474.62323,-482.20203,-478.0467,-478.5087,-477.53754,-479.35623,-487.3362,-496.47925,-507.82455,-512.8941,-518.8167,-526.2046,-532.1561,-533.8361,-534.7394,-537.4534,-550.643
-552.1019,-554.64496,-567.569,-570.05615,-565.4429,-560.76544,-565.4259,-571.4432,-571.6201,-570.5797,-573.2586,-563.6578,-562.9512,-571.5744,-565.11884,-554.76776,-552.0942,-562.117,-569.409,-577.2025,-572.4335,-556.95325,-544.99866,-540.8175,-545.03143,-545.18567,-534.3751,-527.26935,-537.03577,-541.9439,-537.5359,-541.24457,-537.6615,-539.4869,-546.82587,-549.7544,-555.3648,-560.4757,-564.79126,-568.1376,-568.5816,-568.6149,-569.25995,-576.68225
-493.48352,-489.77847,-511.10547,-529.3291,-535.1544,-546.41626,-540.6351,-553.70044,-564.68713,-570.24475,-565.4571,-492.80447,-422.4113,-416.55292,-417.379,-404.71988,-408.96777,-418.1399,-426.42673,-430.7771,-437.93274,-445.80753,-450.97745,-465.1255,-484.48566,-505.87878,-524.30664,-538.1108,-551.56433,-560.7528,-568.04944,-567.0612,-568.4637,-556.20703,-545.4275,-544.98206,-543.5376,-540.7882,-539.6245,-533.80206,-525.4054,-522.6117,-518.6787,-521.2921
-556.70386,-544.81903,-549.15497,-556.3383,-558.8883,-563.10516,-560.3666,-560.1638,-560.40985,-557.3546,-552.3096,-549.48914,-551.2106,-556.86273,-565.80304,-572.46216,-572.9057,-572.79877,-570.0091,-569.1796,-568.6748,-564.23596,-568.21594,-571.8053,-571.6618,-568.22034,-567.82306,-563.597,-566.903,-569.0061,-565.22156,-552.9395,-557.1029,-567.2245,-566.54346,-567.7391,-530.46954,-494.75653,-503.72778,-508.92636,-496.45636,-480.55328,-465.98096,-463.46
-504.86182,-510.51056,-525.57196,-530.5776,-536.7118,-543.9082,-542.52905,-549.1679,-560.49176,-570.5038,-573.72437,-570.9986,-575.1642,-576.2307,-572.1224,-569.7674,-561.84515,-554.063,-549.6955,-547.29596,-544.7978,-548.6485,-540.8714,-544.3246,-553.886,-558.0919,-569.85565,-567.26996,-554.7609,-550.11896,-555.96643,-562.9251,-566.2392,-567.9439,-556.5835,-557.4298,-561.08203,-553.6494,-563.5553,-572.2292,-574.50793,-576.8035,-571.8987,-569.2151
-439.92908,-447.49896,-436.2869,-416.3166,-406.59702,-407.74182,-414.50638,-423.8714,-427.26254,-429.8667,-427.0918,-417.66748,-415.27597,-407.11768,-392.59195,-379.90265,-369.09195,-371.68076,-372.21225,-363.63876,-364.40244,-362.0863,-367.4726,-371.68698,-366.46417,-364.96222,-364.07214,-370.0973,-376.67712,-380.31598,-368.52286,-380.26315,-407.94562,-394.513,-361.3816,-349.90768,-356.0015,-358.27924,-355.3627,-351.76038,-351.17303,-361.1082,-367.76004,-368.57285
-414.30206,-411.52432,-409.77606,-384.46884,-361.9103,-350.1653,-346.1177,-344.80377,-345.37717,-351.91873,-353.01257,-351.709,-354.08508,-359.893,-385.01324,-431.17535,-469.29187,-492.07233,-502.5828,-432.47296,-368.14285,-343.54852,-333.99216,-332.57434,-345.4611,-363.80017,-385.61163,-408.95337,-423.70032,-409.41226,-397.28275,-429.21054,-467.94986,-480.36633,-486.6556,-501.40335,-506.736,-467.3783,-429.0947,-410.00876,-406.63663,-428.3584,-465.8444,-487.2257
-572.1315,-568.0121,-571.18585,-571.33203,-571.1836,-565.9594,-564.4324,-562.20215,-561.631,-562.322,-569.1438,-573.80853,-572.17883,-568.1121,-574.248,-567.8975,-565.71936,-570.5296,-565.5194,-561.9271,-564.55835,-566.21356,-561.2633,-565.0011,-550.35565,-541.6142,-513.3309,-461.97284,-472.9053,-531.23737,-546.8853,-544.4429,-545.84393,-557.59875,-563.10144,-573.338,-539.34247,-515.1238,-531.26355,-530.9707,-515.7137,-499.26407,-492.9689,-497.97995
-458.53888,-468.76785,-492.6467,-505.68967,-506.3777,-510.17996,-516.6369,-511.7491,-511.125,-510.67688,-505.61182,-517.6866,-532.0767,-540.3104,-552.5959,-559.8804,-563.7324,-560.5656,-563.79834,-572.3934,-569.7345,-570.9747,-574.19916,-573.2549,-571.9748,-577.05176,-578.33545,-575.3466,-575.0504,-574.6386,-569.0196,-564.1046,-567.65137,-574.32007,-571.4327,-569.96844,-571.0912,-572.54114,-562.7144,-555.57227,-562.3574,-566.97473,-569.3439,-571.91376
-570.7874,-568.99774,-570.4,-563.2725,-563.31885,-570.56445,-576.69147,-578.5488,-569.1332,-567.49194,-572.7123,-574.57117,-572.4405,-576.2372,-581.9271,-584.42773,-581.8626,-579.4602,-575.6777,-575.8962,-577.2644,-575.1997,-573.39325,-570.20135,-573.07166,-567.2729,-557.9226,-557.80835,-562.03204,-557.9426,-561.87915,-545.50903,-524.9884,-522.28827,-526.4869,-529.97974,-530.41925,-530.8277,-510.63553,-504.1881,-511.91586,-520.5498,-510.1525,-496.8586
-576.5727,-576.0916,-575.8296,-571.32654,-573.3002,-577.44476,-581.3937,-585.6658,-578.2351,-577.72736,-575.8594,-573.6709,-578.8288,-583.0305,-581.2183,-571.7724,-524.42505,-389.15994,-321.35706,-303.1542,-317.28787,-346.4985,-361.88916,-381.47003,-392.88998,-383.25934,-374.7809,-372.49854,-374.47226,-379.15555,-384.13464,-385.556,-393.6866,-396.5987,-382.75107,-364.06583,-354.06964,-348.85217,-356.65292,-372.2765,-381.74365,-388.10788,-391.38626,-394.86658
-569.7496,-564.4418,-569.8434,-572.5843,-573.7792,-575.32465,-568.78577,-564.1303,-577.55164,-582.5133,-579.9792,-581.1473,-578.9023,-573.1339,-571.9654,-579.2077,-400.60547,-298.2019,-295.35776,-349.3178,-409.04443,-442.3665,-471.98148,-501.40732,-519.0036,-528.7601,-540.66,-552.5013,-558.66943,-545.8285,-518.33923,-498.85788,-497.19937,-509.53638,-529.9099,-540.9586,-544.1912,-510.14688,-514.304,-539.84375,-546.2065,-544.08154,-532.50586,-515.07806
-544.00696,-542.50653,-549.5544,-557.6842,-568.0076,-571.0706,-568.6389,-573.5544,-575.4127,-570.6321,-575.13684,-572.58325,-573.37225,-568.25836,-571.7155,-574.4816,-573.48065,-579.09534,-579.3486,-578.1899,-574.6991,-571.12213,-550.8604,-429.591,-364.0639,-337.89996,-320.5814,-315.3959,-323.35278,-337.4424,-353.1426,-374.08707,-405.41193,-430.5644,-442.56723,-440.54227,-436.283,-444.87683,-448.14856,-455.28052,-500.88464,-522.8375,-543.4894,-552.2902
-536.6669,-530.83734,-531.7474,-527.70526,-523.8839,-531.57916,-536.06305,-536.38586,-546.08984,-554.9874,-553.3599,-539.3839,-520.64795,-513.47473,-490.82877,-490.7852,-510.28867,-495.9113,-492.8548,-507.4242,-514.23755,-524.3598,-535.708,-544.067,-558.9632,-564.60645,-561.83264,-517.0406,-427.94116,-380.63474,-368.91812,-372.64355,-381.11942,-404.19882,-417.4894,-432.6059,-428.21262,-407.8007,-411.65216,-428.59427,-442.7349,-445.65463,-448.71927,-453.0036
-466.30438,-471.56595,-487.14676,-495.9527,-503.23807,-503.61765,-503.0912,-512.0118,-522.8436,-533.19775,-542.09357,-549.5359,-551.8289,-527.2154,-438.42365,-416.6557,-436.42334,-456.81213,-466.37128,-489.0477,-514.7139,-530.0087,-537.01447,-544.6011,-550.4677,-557.91205,-561.5313,-568.0973,-572.1932,-571.8272,-571.39453,-574.51,-575.88416,-575.0273,-573.5921,-580.79346,-582.9376,-574.79987,-576.1452,-576.9493,-578.6152,-574.3002,-575.1556,-582.8052
-392.2781,-379.67834,-380.02948,-387.69495,-416.27847,-446.9755,-478.64853,-508.03055,-525.6422,-539.9831,-548.5079,-558.2438,-564.85297,-562.58716,-565.0906,-571.2976,-578.8791,-575.2808,-570.96423,-573.0822,-574.0351,-572.83984,-574.02234,-579.39246,-578.09296,-576.19946,-574.52734,-575.807,-562.47504,-445.33237,-333.84225,-293.66736,-291.85385,-312.2457,-366.03238,-418.96542,-446.20294,-481.6538,-506.39294,-525.5585,-538.5612,-547.92017,-561.78375,-572.9957
-383.47284,-405.05798,-439.90396,-456.93448,-479.9891,-427.1322,-365.9003,-352.314,-356.4611,-359.4785,-365.28577,-372.03455,-379.19327,-378.0158,-368.569,-368.27634,-377.37344,-383.14914,-399.05322,-422.1271,-429.9985,-438.9292,-451.94376,-446.26224,-461.5763,-475.55124,-481.41913,-482.75897,-484.44012,-488.20526,-492.29172,-492.5514,-492.28784,-489.96457,-487.83316,-489.16455,-489.25262,-486.58545,-490.86563,-494.81894,-495.18094,-500.37622,-498.31415,-499.6858
-364.09024,-337.3983,-330.08835,-330.9867,-344.7227,-361.6069,-376.307,-386.68085,-403.97726,-417.64105,-421.7205,-408.21692,-399.51575,-394.7341,-399.8795,-402.23215,-395.88605,-392.27383,-400.58182,-403.1686,-405.68103,-409.52756,-411.56705,-412.84955,-418.90732,-426.0837,-435.11575,-436.94247,-438.65158,-449.52026,-468.40973,-482.24802,-503.02585,-518.98126,-533.88916,-542.5581,-511.48596,-451.7096,-415.91446,-410.07617,-404.56357,-417.6274,-421.06516,-409.69708
-551.7167,-545.7643,-549.7267,-545.8753,-544.65857,-534.5753,-522.0297,-518.50415,-524.6973,-532.96936,-540.04675,-530.76526,-506.84174,-469.17474,-442.35898,-421.8616,-421.65042,-430.66928,-441.72424,-447.89468,-444.37418,-439.45856,-440.88754,-452.69034,-471.33765,-480.26636,-478.06534,-474.13925,-485.06424,-505.67343,-516.90875,-521.494,-520.97424,-524.51874,-540.80756,-546.0429,-534.9171,-514.46344,-512.6826,-517.97144,-517.0409,-509.17047,-522.3155,-548.37366
-540.2928,-539.4502,-547.8507,-549.7996,-548.8231,-546.1188,-546.8272,-552.1322,-547.5683,-544.0384,-545.023,-536.3758,-539.1013,-550.8506,-548.86896,-541.8107,-533.3112,-534.419,-534.7621,-539.93164,-548.1413,-550.62036,-548.2379,-536.0387,-531.8149,-523.44653,-526.31934,-524.09375,-508.64957,-512.66736,-522.5977,-536.52765,-523.0226,-502.5136,-517.5419,-534.4612,-543.61273,-551.78815,-551.2497,-553.5035,-557.17413,-558.7117,-562.42346,-571.1798
-472.54132,-482.91174,-515.5589,-537.49963,-546.02295,-543.03375,-541.80493,-543.33813,-549.1197,-553.7893,-551.3717,-551.6329,-555.86017,-557.759,-560.3966,-567.6182,-568.2447,-564.0298,-563.4789,-563.6416,-562.6465,-566.3294,-567.0168,-567.4911,-568.09863,-561.1642,-544.8514,-546.67596,-552.58813,-553.86676,-556.6609,-563.4503,-570.177,-568.76733,-562.42145,-559.25977,-558.7864,-559.3438,-558.901,-560.5189,-563.2694,-566.153,-571.39685,-579.3302
-540.9868,-535.7977,-533.21686,-522.3369,-506.94708,-496.53842,-482.11172,-473.30466,-474.24753,-473.9253,-472.96933,-477.71545,-480.49744,-489.68088,-497.40762,-504.9154,-515.7892,-512.35364,-506.65167,-496.8749,-484.79816,-468.48447,-456.71942,-445.03067,-437.61337,-430.6294,-429.5141,-429.96756,-429.82468,-427.26538,-424.3956,-424.53918,-433.825,-445.55374,-456.39105,-467.16653,-477.4257,-482.62216,-488.84915,-482.85968,-470.99225,-463.00586,-452.9864,-450.44562
-557.7917,-550.8801,-559.2456,-573.4998,-573.2915,-549.2606,-507.95282,-464.23242,-440.16766,-413.37772,-402.6263,-403.98782,-409.5176,-412.04074,-415.04703,-417.08932,-424.4351,-427.44733,-425.39844,-437.65845,-446.9939,-451.06216,-450.72708,-448.25278,-450.79352,-460.87616,-463.53537,-469.43018,-469.88815,-472.99988,-483.05862,-492.68848,-471.95618,-431.60492,-409.02402,-399.37643,-401.49612,-397.48032,-402.90845,-406.40146,-405.06082,-405.71115,-400.2404,-411.7995
-554.00354,-554.0734,-554.3215,-556.9147,-564.5649,-566.1529,-569.715,-577.60724,-571.89404,-569.68713,-568.58,-561.6347,-557.6374,-551.80536,-550.89014,-549.86523,-544.7296,-549.53735,-552.44135,-556.1794,-561.44617,-565.1501,-561.87024,-546.94763,-498.84656,-461.29697,-445.10022,-429.53214,-420.241,-426.73462,-444.09283,-433.71912,-438.75446,-450.89825,-440.79553,-429.88815,-416.03113,-400.4888,-396.18082,-398.7273,-403.70834,-349.58066,-311.2062,-299.79
-423.85117,-427.10733,-447.61264,-456.49872,-444.6601,-385.53848,-376.9578,-409.98788,-432.51547,-449.0428,-475.7833,-425.77612,-376.84845,-401.50537,-442.67404,-467.04816,-446.21732,-417.58643,-424.08255,-449.38086,-472.51685,-416.6321,-371.34207,-397.48215,-421.30927,-369.32855,-346.76328,-363.6966,-386.22064,-407.40613,-421.8338,-425.4798,-425.96106,-434.9091,-450.606,-467.90323,-485.12427,-506.13266,-527.5424,-544.52234,-556.6352,-555.0515,-518.9095,-513.43463
-578.49567,-577.1539,-574.60156,-574.4215,-578.00824,-576.2792,-578.1174,-581.035,-575.81396,-565.1476,-555.63916,-536.41846,-515.96124,-512.7016,-519.8741,-527.3135,-528.62695,-537.41486,-548.03094,-554.9623,-551.2659,-557.4539,-566.68195,-572.13214,-573.19495,-575.56274,-576.6439,-549.11163,-515.2902,-525.02356,-547.40784,-561.3057,-561.78564,-548.72455,-531.1442,-515.60693,-509.4593,-504.27475,-510.7871,-517.77466,-523.5557,-533.6644,-537.09625,-544.1504
-514.315,-516.0989,-526.0813,-531.5525,-537.14624,-535.2613,-537.76355,-540.139,-537.60803,-535.3108,-532.1614,-524.31256,-532.8315,-543.6347,-544.32697,-544.94617,-549.3819,-549.0709,-544.5746,-544.64984,-549.06195,-538.66956,-537.4392,-539.65546,-536.3229,-541.1828,-544.1384,-539.61456,-538.8182,-535.7686,-542.7244,-550.98004,-549.7217,-542.0098,-539.8577,-537.8958,-532.05255,-518.64685,-515.3112,-525.61426,-531.50824,-538.85767,-541.4692,-548.7768
-414.657,-414.81656,-419.7955,-417.70663,-420.94324,-431.85458,-438.5057,-449.97583,-458.0311,-464.97363,-478.3125,-486.5834,-498.35913,-514.5617,-538.7744,-553.02515,-567.9706,-570.4564,-547.8771,-536.3258,-548.97266,-549.2349,-547.8458,-543.8923,-549.4014,-546.3128,-545.8403,-545.185,-537.3884,-536.6642,-534.30817,-533.25604,-531.5223,-524.86725,-519.0377,-520.07513,-521.53784,-518.9799,-516.55023,-518.14813,-522.37506,-519.8991,-518.00354,-522.64667
-404.37698,-409.99954,-426.89844,-434.6111,-448.63956,-465.59235,-472.96146,-470.41693,-475.49188,-484.66144,-484.33154,-484.87274,-495.89905,-501.7557,-496.75235,-488.79092,-484.6928,-494.6154,-499.8693,-503.47995,-504.60898,-504.40442,-501.10538,-497.0914,-503.12955,-515.8068,-527.3231,-517.265,-519.0193,-531.8455,-545.44507,-557.31335,-553.2262,-465.14008,-401.79462,-382.6447,-387.17618,-411.7413,-433.0279,-438.00128,-417.60593,-411.10297,-406.34988,-401.28763
-577.0889,-570.8963,-566.5761,-567.92676,-571.8033,-571.9042,-575.7702,-576.39557,-572.4824,-572.4937,-573.78687,-578.1654,-576.7081,-570.5783,-565.9124,-570.07074,-571.2504,-573.37915,-574.13086,-574.8909,-577.86285,-507.86002,-376.52124,-328.2776,-329.32785,-354.35583,-385.8989,-408.3648,-423.5831,-436.57568,-438.5707,-419.90012,-389.27505,-382.9346,-379.3882,-384.20926,-425.77155,-462.9553,-381.47678,-327.11798,-318.48254,-350.2977,-379.72357,-401.49426
-466.0677,-470.1307,-497.48758,-518.52496,-527.88544,-531.2378,-542.70917,-536.68427,-526.86456,-510.58798,-507.11545,-511.5717,-512.20746,-522.43286,-533.2963,-531.9562,-520.53015,-494.8074,-450.82758,-411.17886,-402.57767,-405.5677,-423.0491,-431.33765,-433.61096,-446.95047,-452.7029,-448.81512,-449.14798,-459.44162,-461.89423,-460.38684,-460.28003,-448.81845,-424.53262,-387.77322,-377.1579,-373.4607,-375.36575,-368.1714,-359.8785,-352.91443,-353.82654,-377.57916
-515.9128,-520.5466,-527.0233,-528.1508,-527.73816,-531.3929,-534.5217,-536.59015,-529.5118,-521.58954,-528.2875,-533.6762,-519.74646,-500.63193,-497.57666,-506.7491,-508.53226,-505.26956,-512.5156,-514.4583,-515.84503,-523.66907,-495.00037,-457.73105,-455.83588,-462.97763,-468.21783,-479.93326,-496.90417,-508.2702,-508.97165,-504.0129,-507.2481,-508.27655,-488.32413,-451.33484,-436.11603,-447.90457,-456.7538,-463.97546,-483.77945,-500.75122,-514.3072,-526.26544
-546.517,-545.53345,-550.23413,-559.1457,-539.69305,-518.3482,-541.8048,-563.1187,-573.00995,-575.2645,-574.95496,-574.06396,-569.5406,-568.0107,-568.81757,-572.988,-577.2554,-574.98145,-578.44867,-578.1598,-577.8794,-578.2984,-580.9488,-580.6053,-575.8079,-575.72614,-580.5132,-579.7274,-569.6648,-554.1934,-537.44965,-515.9066,-500.22928,-501.09402,-517.85046,-525.02325,-523.4462,-536.59424,-544.31757,-550.22766,-550.46375,-552.9004,-505.90396,-473.88998
-458.99573,-454.24496,-464.4143,-481.9555,-491.4094,-500.9627,-510.53427,-513.6278,-509.77676,-495.78986,-472.87192,-454.17697,-458.80496,-489.3884,-498.0031,-486.18726,-479.8016,-477.3683,-483.55157,-487.9131,-488.31686,-493.9655,-495.8886,-495.34134,-500.8454,-513.6862,-519.384,-518.5208,-529.06354,-538.89233,-545.8133,-558.0778,-564.05383,-569.74194,-562.59106,-560.8111,-567.1288,-566.3614,-563.21924,-565.1562,-569.51697,-567.8741,-555.0487,-540.57855
-421.11725,-368.88873,-343.37674,-341.16986,-347.47916,-353.639,-364.71344,-381.68124,-409.3173,-439.0704,-396.8312,-372.10492,-374.6043,-361.7843,-350.0117,-351.86945,-350.7726,-352.96756,-351.2594,-341.58612,-350.5529,-379.87628,-418.07333,-453.9254,-478.04608,-491.36542,-483.2811,-438.3672,-418.03705,-394.3067,-333.04037,-312.0637,-321.67535,-329.678,-327.8205,-337.28238,-356.83563,-367.26782,-344.19705,-317.7482,-316.1208,-325.2772,-345.1216,-369.30307
-480.36197,-478.04764,-474.2099,-469.25858,-459.91815,-462.81195,-478.5978,-480.59726,-488.8248,-506.35794,-529.2857,-544.406,-545.3583,-552.0993,-546.3758,-510.20343,-467.04803,-441.29095,-434.27344,-436.96967,-436.11102,-439.1506,-443.6674,-438.37598,-435.54504,-446.03732,-454.5963,-463.608,-478.36948,-487.6221,-494.52045,-485.058,-475.7066,-495.1585,-503.16534,-507.30664,-519.31616,-529.2197,-540.0794,-552.2459,-559.15234,-560.929,-558.0669,-565.559
-520.0164,-475.0973,-397.22714,-367.54413,-365.3634,-371.02673,-386.3956,-430.80002,-454.31592,-398.60406,-377.01266,-378.731,-370.17142,-372.97775,-381.2974,-389.32028,-395.75385,-397.365,-397.9271,-404.8018,-403.03436,-392.10287,-413.30087,-431.00418,-442.07074,-445.46707,-453.03616,-444.13522,-405.4092,-393.4576,-410.10437,-442.91202,-481.61905,-496.0107,-455.55374,-413.14713,-392.63385,-386.40054,-386.73315,-388.36694,-404.9984,-425.77884,-421.8907,-427.6686
-423.73404,-431.81558,-441.61328,-449.58633,-456.577,-450.39398,-453.0315,-468.4754,-477.90332,-479.29257,-479.16428,-479.69366,-476.1257,-475.95822,-473.02957,-469.43948,-468.73868,-480.51117,-510.946,-525.2443,-518.0429,-528.1891,-543.0357,-552.47406,-555.57513,-511.76938,-472.34283,-445.30722,-426.44882,-432.3193,-439.2855,-444.85898,-451.91104,-459.7103,-464.09824,-458.04257,-444.5739,-435.8927,-436.93243,-445.0414,-452.5695,-450.28674,-437.2442,-427.92682
-422.85464,-422.8855,-434.32254,-407.05307,-374.282,-360.79785,-375.03317,-410.3751,-457.18695,-445.6536,-417.3543,-424.4809,-449.09323,-469.31296,-494.7208,-517.0946,-540.6457,-554.7904,-559.86743,-567.2423,-567.6753,-571.3995,-574.92303,-572.7399,-568.98413,-562.96063,-550.6273,-546.9605,-545.89844,-547.14154,-552.3785,-551.50903,-558.02026,-567.88605,-568.8447,-571.42303,-566.47473,-561.1167,-539.6644,-520.56354,-507.58652,-503.72748,-502.99744,-510.18637
-456.4476,-469.32935,-500.85925,-518.61127,-443.51416,-359.8561,-331.57465,-335.21713,-347.83075,-351.11588,-368.38116,-409.48138,-414.1498,-413.3629,-395.74588,-402.44638,-422.1847,-429.48352,-425.71924,-414.02136,-417.9291,-435.40662,-428.90967,-394.09256,-378.17264,-377.91547,-379.5633,-375.58987,-375.30856,-376.90646,-379.92075,-377.66287,-379.83542,-381.915,-384.8291,-385.8571,-389.50775,-398.30862,-405.5424,-405.51953,-414.58328,-423.83463,-437.05573,-452.26358
-297.1317,-303.34186,-312.64914,-304.53622,-295.62933,-285.0925,-278.29895,-288.4271,-324.43317,-358.49588,-377.11838,-389.977,-357.58484,-334.67087,-339.6352,-353.85382,-374.60355,-385.32092,-381.87253,-387.3874,-390.82773,-393.15265,-396.2056,-385.08463,-366.86145,-360.2835,-365.1747,-372.68076,-382.0853,-395.83218,-400.5612,-401.86307,-400.2279,-392.53247,-374.75403,-355.71024,-352.43335,-354.5379,-349.68893,-342.68802,-338.76572,-337.3258,-322.50882,-311.87634
-578.04535,-562.8895,-560.78546,-566.43536,-570.4878,-567.78674,-506.796,-424.56998,-399.25595,-423.16644,-437.30576,-445.28787,-449.0556,-452.5689,-464.22803,-473.90405,-479.19656,-480.59576,-483.9247,-489.84933,-491.31488,-492.8261,-491.4732,-474.89212,-457.5178,-461.65308,-477.0235,-491.51175,-505.96216,-529.9923,-545.4493,-557.13214,-564.7098,-575.4634,-573.1361,-542.8852,-468.21835,-395.80508,-367.06827,-355.2696,-354.11145,-367.08365,-384.3922,-406.45804
-402.98898,-403.1723,-396.41412,-407.9036,-448.18628,-476.77286,-509.0702,-530.6424,-530.95355,-531.86896,-551.08716,-519.8004,-474.90298,-455.71262,-426.29474,-415.79276,-411.93802,-419.7403,-439.4378,-454.94397,-458.55322,-458.27835,-458.113,-460.68826,-470.36377,-472.4464,-472.10526,-475.0424,-477.2885,-459.45032,-464.56128,-496.1049,-507.45804,-508.4358,-521.2558,-542.5328,-559.20233,-565.4302,-571.1408,-577.49426,-575.0958,-574.1427,-573.8778,-574.92004
-325.3849,-328.84045,-345.49854,-369.15915,-406.29456,-454.23013,-489.79678,-509.22226,-526.8875,-537.6323,-547.8246,-555.87726,-557.06744,-564.99646,-570.05286,-568.0481,-575.28107,-580.23413,-579.1652,-579.92865,-576.02106,-557.37585,-547.5622,-533.40686,-540.92426,-556.3251,-546.9208,-548.3716,-561.80896,-524.6195,-495.21478,-507.9023,-527.44324,-544.36646,-554.63995,-560.0802,-561.41895,-564.7184,-567.8825,-569.4621,-571.86664,-572.2996,-566.28345,-566.75366
-569.37415,-565.4093,-568.90955,-569.7294,-568.0297,-568.2763,-575.1702,-572.3698,-458.04913,-368.3761,-347.28632,-338.47748,-335.05206,-338.702,-355.7103,-374.09314,-387.17993,-392.15768,-406.2062,-421.45074,-434.91586,-465.2047,-491.511,-478.95703,-389.70737,-336.9241,-330.00748,-352.0008,-375.46893,-390.34137,-390.56937,-403.9745,-423.53918,-397.2239,-365.33514,-338.26898,-339.85812,-375.86557,-397.7629,-405.62253,-397.61755,-379.06766,-350.7976,-340.20975
-532.6431,-537.47943,-552.7019,-563.16296,-567.45294,-571.02106,-572.11414,-573.01025,-572.159,-564.8289,-554.5537,-538.14215,-528.6343,-524.76624,-521.41284,-523.30414,-527.20325,-533.4976,-549.0892,-555.5728,-562.5888,-569.55396,-570.0639,-569.68475,-568.09155,-565.6732,-557.07153,-561.61224,-468.7365,-403.1798,-385.0883,-379.69476,-379.6305,-379.79333,-385.92892,-402.83405,-410.98276,-415.83838,-420.82413,-449.4962,-475.8318,-507.0117,-524.5952,-528.3164
-316.19498,-309.3167,-315.562,-322.57477,-326.52264,-336.67517,-347.52188,-347.77597,-350.90125,-362.5114,-362.9517,-368.98422,-374.78644,-380.01083,-383.21362,-385.24182,-408.01175,-434.66104,-424.15884,-416.39557,-449.76764,-450.37897,-358.62625,-332.0858,-356.08914,-384.75522,-420.535,-415.3869,-372.0003,-358.62628,-362.94608,-381.96704,-382.37662,-394.17328,-436.44577,-472.93015,-489.27155,-494.16846,-422.68005,-354.2817,-315.3356,-261.4821,-240.277,-239.55667
-561.02997,-549.3901,-539.5883,-540.3679,-550.1027,-555.6649,-532.6788,-492.2535,-483.8606,-499.30872,-513.62885,-517.7249,-527.57684,-545.1618,-548.5695,-532.7803,-492.6707,-472.76984,-462.23563,-442.97424,-433.07883,-428.58325,-427.23242,-435.04123,-442.72195,-452.8426,-467.83035,-485.52127,-502.3572,-522.96295,-537.97974,-545.1189,-544.898,-541.9141,-549.3156,-553.08856,-545.3881,-541.1543,-502.77307,-436.49097,-395.86685,-377.73535,-365.5887,-365.02206
-464.57178,-456.19244,-456.19327,-453.32587,-449.38983,-455.24753,-467.03952,-482.6905,-494.98517,-511.35635,-520.57733,-530.4449,-539.45135,-505.86963,-468.37762,-470.61832,-491.32086,-503.68332,-481.25125,-439.13647,-417.3281,-413.02304,-408.34985,-401.8895,-391.07416,-381.81116,-385.20044,-387.0133,-391.8952,-402.19254,-416.7961,-433.1673,-437.36035,-455.73004,-476.9843,-490.28473,-499.96475,-510.05673,-517.9423,-530.8844,-532.7486,-531.88275,-533.164,-538.5833
-501.75687,-453.5847,-379.23453,-335.1685,-319.22675,-318.4215,-319.9169,-323.63928,-332.98596,-333.5752,-338.3468,-353.3126,-369.82336,-375.06027,-363.9253,-358.51935,-365.7041,-371.38016,-370.95312,-373.48642,-383.8079,-399.81955,-413.73962,-418.4204,-419.10037,-424.98532,-442.5158,-459.31747,-463.50348,-466.8851,-480.99832,-507.32935,-529.04083,-548.3967,-555.4118,-548.09015,-540.1093,-523.5358,-519.0041,-470.20242,-427.0206,-437.07938,-458.68762,-489.18607
-432.62863,-450.79352,-475.34613,-477.293,-481.47894,-489.90756,-505.11917,-511.98038,-513.2521,-523.59393,-531.465,-526.3172,-522.2982,-524.58655,-526.9687,-545.4031,-561.9965,-573.4546,-577.773,-577.31287,-571.19855,-558.3371,-545.1439,-539.59204,-547.9944,-477.43787,-375.64902,-363.74142,-384.30667,-394.0834,-385.26404,-380.54907,-390.55954,-388.74594,-389.12366,-401.08447,-413.377,-422.4924,-419.95413,-422.89438,-426.52762,-427.29123,-411.63058,-396.8018
-507.0129,-502.982,-510.0131,-515.49146,-522.49207,-533.1129,-542.763,-545.559,-554.32574,-562.0251,-562.6555,-556.10187,-453.35245,-384.2058,-365.31412,-383.4643,-414.0325,-405.09476,-387.72507,-357.0691,-330.2916,-317.43616,-311.19177,-308.86386,-318.76474,-324.8702,-297.7723,-296.48007,-331.68936,-375.12247,-409.90436,-444.66864,-468.86942,-487.39148,-512.2906,-481.14178,-446.4004,-459.2433,-502.80026,-530.6596,-549.5675,-554.35516,-540.55334,-553.691
-285.64966,-296.27747,-322.1594,-355.61252,-391.383,-409.9626,-419.04327,-428.02142,-433.1869,-377.84756,-348.54782,-352.70926,-358.49655,-361.66562,-363.1443,-370.60226,-383.1904,-391.96933,-400.86783,-413.20465,-421.21527,-423.97205,-421.12424,-421.49033,-422.3474,-411.58218,-402.70154,-396.49765,-403.08694,-407.5133,-413.60956,-425.98016,-433.05832,-443.64505,-444.5845,-429.6585,-405.38763,-390.6225,-382.95105,-370.48096,-337.7724,-322.7954,-332.3413,-344.19962
-462.27097,-464.35327,-475.1742,-484.09012,-498.94824,-510.7066,-516.0634,-517.7742,-519.89343,-523.4989,-528.7003,-535.8572,-537.8768,-539.1324,-545.07465,-547.6348,-548.98944,-550.8776,-548.89307,-555.7375,-559.871,-542.38837,-537.9074,-556.88635,-566.88306,-517.0873,-458.1642,-443.6892,-398.35272,-364.8221,-354.28122,-354.41757,-366.85284,-370.55975,-365.35803,-369.36304,-357.82025,-368.36755,-403.36932,-414.1752,-409.81412,-407.7313,-425.4348,-450.6858
-461.6051,-481.97577,-509.11194,-519.985,-417.80325,-362.64194,-365.05984,-368.77487,-375.4763,-397.41592,-428.41977,-439.06085,-439.72446,-443.3001,-464.46893,-496.51334,-517.8101,-539.9765,-556.7853,-568.34357,-578.1952,-577.81226,-569.75354,-546.7945,-545.81006,-564.05963,-574.8674,-581.22034,-580.6495,-583.7271,-583.9375,-580.0943,-579.5215,-582.9209,-456.22354,-363.3543,-344.9479,-341.88867,-342.04623,-356.74045,-377.70566,-388.00455,-392.69275,-397.4997
-553.0395,-552.47614,-560.2454,-567.2952,-572.1351,-572.094,-573.20764,-575.79407,-577.67285,-476.28888,-370.29462,-328.6287,-322.4961,-327.1652,-344.68338,-363.4174,-382.22638,-395.03125,-406.75748,-418.44455,-433.08795,-448.184,-459.8025,-471.80594,-484.27838,-486.40833,-490.70956,-492.7858,-496.366,-503.04272,-501.8039,-505.56512,-512.7585,-511.34998,-496.7832,-481.5425,-470.09662,-456.8743,-456.5664,-457.94305,-456.1053,-458.8164,-456.87228,-454.37808
-574.54596,-560.53265,-548.3146,-552.52014,-569.54346,-570.71826,-571.36334,-559.2631,-550.202,-560.1219,-571.682,-575.5648,-578.81366,-572.3372,-562.2329,-568.7045,-575.3635,-574.50745,-572.5211,-573.2732,-577.31195,-576.07904,-572.6335,-576.8366,-567.8664,-553.79675,-507.26843,-444.19443,-424.77713,-413.0889,-415.3019,-427.51614,-447.3884,-466.85788,-473.2457,-471.31842,-469.311,-476.9329,-476.41418,-459.02148,-435.2167,-414.3209,-407.0586,-409.3337
-570.96106,-570.0301,-575.62006,-561.6732,-408.8694,-340.98706,-329.17935,-336.79556,-364.80292,-396.2585,-416.1612,-433.91617,-446.35114,-462.0234,-468.52957,-479.92627,-497.00836,-459.34018,-416.6993,-404.0095,-406.1762,-409.4608,-404.30548,-408.30435,-431.1746,-463.42438,-492.21637,-494.60522,-450.4475,-428.9521,-440.59705,-443.8837,-404.46823,-383.59128,-365.162,-362.2258,-348.53906,-323.02686,-317.22818,-328.30743,-331.9063,-341.39252,-344.6864,-363.65942
-572.10767,-571.19794,-576.0562,-575.0402,-575.0671,-576.4899,-580.50507,-579.97705,-579.75464,-576.29877,-575.2123,-576.61694,-575.2358,-576.0579,-574.28186,-579.48285,-582.1925,-571.4849,-566.5236,-572.5074,-574.7504,-573.9639,-576.45703,-578.4777,-578.37256,-579.4467,-581.42725,-583.1179,-581.968,-573.82965,-549.8454,-547.4436,-555.98785,-560.19354,-562.9387,-551.01337,-540.13904,-548.0539,-554.42755,-554.44025,-556.7531,-563.7016,-564.4693,-562.34357
-492.75058,-482.66278,-496.1307,-509.93063,-514.36,-528.01996,-533.40076,-526.9225,-520.32056,-514.0399,-507.04395,-506.03644,-502.2272,-495.01004,-496.37723,-492.01236,-473.60104,-428.6449,-384.13507,-354.8786,-349.09732,-369.97092,-410.45258,-448.99533,-475.3079,-470.4362,-469.80313,-457.58508,-447.2051,-466.4823,-489.00775,-505.42786,-502.35413,-485.5631,-490.69592,-503.27673,-515.67615,-530.6822,-507.95453,-411.09747,-327.28723,-294.21033,-279.92358,-276.295
-582.52747,-567.67175,-568.80316,-576.991,-579.89124,-571.7935,-563.0135,-568.7204,-575.5753,-570.2923,-565.55554,-571.967,-503.68695,-459.51797,-450.26837,-452.9465,-456.44925,-451.70056,-452.231,-452.11145,-455.59567,-468.6521,-477.33383,-473.6411,-476.30957,-477.83707,-494.8328,-514.2568,-517.38165,-536.69916,-553.0174,-563.84064,-522.2288,-467.14908,-453.69595,-457.96423,-457.09766,-469.74435,-403.20154,-365.10663,-369.95657,-398.98706,-427.59122,-455.64435
-480.66238,-494.23965,-518.89813,-522.851,-434.29993,-357.1471,-369.07788,-400.91116,-413.01773,-422.72882,-437.77496,-456.06668,-474.80167,-492.90805,-501.7403,-508.0241,-507.89032,-505.97012,-505.6698,-506.52255,-495.32394,-491.37396,-493.20135,-504.04758,-521.38135,-525.05023,-532.6627,-539.92883,-542.9355,-538.7427,-539.54803,-543.66113,-545.68567,-547.35944,-551.36273,-557.4637,-561.4561,-563.41003,-559.82294,-556.20276,-548.8793,-488.1026,-434.2159,-423.20505
-397.857,-406.20575,-420.08185,-422.13104,-425.92792,-442.5239,-465.158,-474.57797,-481.73755,-487.4207,-488.84918,-487.45145,-494.7467,-497.3127,-503.9633,-518.7756,-527.0587,-527.2891,-535.1719,-539.16174,-546.8725,-551.1577,-556.60925,-563.20404,-571.2775,-572.08185,-528.48926,-479.25772,-491.20496,-524.5851,-523.8369,-543.0627,-549.7992,-494.4817,-435.05237,-389.62622,-383.763,-402.68204,-407.11862,-418.67566,-451.53625,-470.33127,-428.2025,-412.4152
-421.55078,-427.83743,-439.05835,-435.91147,-444.95972,-459.7963,-460.11823,-468.4083,-480.88992,-483.44705,-488.03577,-493.16925,-490.16367,-489.0143,-493.0531,-501.39233,-522.22986,-547.1594,-558.84247,-566.0596,-567.78937,-515.43726,-415.9832,-360.29752,-344.9853,-366.99466,-413.4737,-405.83612,-356.93436,-338.23148,-345.43515,-334.98505,-325.6857,-326.87405,-328.3293,-335.0201,-347.72018,-373.17447,-393.07404,-401.2047,-410.23264,-429.087,-446.7753,-456.304
-578.3618,-574.93384,-574.4311,-571.8632,-566.9985,-566.32513,-574.31946,-576.59625,-574.42523,-575.82605,-570.69073,-556.20953,-530.4249,-491.566,-494.47668,-494.33392,-453.58362,-433.8795,-431.25787,-434.2333,-439.57175,-452.35944,-477.73694,-456.7613,-432.35794,-429.13687,-422.62534,-424.2576,-436.69394,-443.31735,-445.65836,-456.2843,-479.51352,-497.3431,-508.61304,-518.8261,-527.8919,-512.2243,-488.2946,-465.90823,-450.7983,-448.72562,-460.64148,-468.22327
-557.2926,-549.6416,-550.77313,-536.3762,-524.6747,-529.2507,-535.4671,-543.031,-544.5066,-547.88226,-544.93933,-544.1226,-546.01227,-547.40393,-548.2587,-545.66034,-541.44653,-543.5062,-544.1266,-546.17255,-549.455,-551.91394,-487.56247,-367.06274,-321.9273,-332.7082,-346.91656,-342.35522,-337.01422,-342.78314,-331.4208,-313.04895,-291.31467,-286.4034,-312.09393,-313.06195,-307.502,-313.7857,-320.5703,-307.87155,-294.96698,-291.19522,-286.65976,-285.45865
-570.08545,-567.788,-562.78503,-560.6412,-561.3569,-559.0342,-560.71783,-557.658,-561.80554,-561.13403,-554.3796,-551.43823,-555.1227,-561.8024,-563.2577,-560.55115,-562.8037,-570.84143,-564.3232,-543.15814,-522.94116,-522.6742,-543.39923,-557.53705,-559.25653,-562.5257,-566.8806,-561.9783,-560.7775,-554.84216,-555.6989,-561.0308,-563.3818,-568.2272,-571.5196,-566.3121,-565.0805,-569.18274,-570.64575,-572.6335,-573.63464,-570.4586,-574.32605,-581.4168
-415.02515,-394.14978,-380.6909,-386.28552,-406.0116,-427.709,-449.16968,-478.24466,-501.08255,-519.5316,-531.63306,-525.6005,-539.4589,-560.63776,-562.2268,-566.44055,-575.6681,-563.8294,-551.2089,-561.09424,-570.12976,-572.1358,-570.726,-545.17395,-489.2847,-464.54413,-470.75677,-502.47028,-519.3197,-513.19824,-492.56857,-457.90527,-438.36984,-414.01474,-400.55212,-417.61108,-455.81543,-488.26758,-500.89438,-508.03696,-511.5246,-510.1624,-510.11142,-514.6939
-383.20975,-383.47897,-391.12552,-378.37747,-366.1956,-362.56357,-366.65558,-376.1398,-382.78452,-393.28015,-410.87936,-432.70584,-440.16693,-446.71823,-451.9477,-458.9827,-461.60623,-457.7294,-459.6773,-463.7213,-473.29068,-481.54,-486.76614,-488.48422,-488.038,-495.37576,-506.55396,-525.73267,-533.02466,-542.11993,-547.80615,-551.17896,-559.3897,-565.0962,-566.75867,-565.0625,-571.9081,-567.9209,-542.77,-514.8712,-472.7644,-446.92215,-420.57825,-397.69766
-435.8176,-440.99146,-456.64328,-462.215,-466.7885,-474.72644,-474.98862,-494.98172,-523.9277,-536.9049,-548.29205,-562.0253,-566.2497,-570.00116,-566.6563,-571.24976,-573.95953,-567.5353,-562.68475,-562.4452,-554.1761,-546.68353,-545.2202,-546.3756,-543.8169,-541.9354,-547.92664,-547.4064,-541.0153,-539.8096,-535.8309,-532.7233,-524.7851,-532.0205,-545.5748,-554.57214,-557.68646,-566.9123,-574.3225,-575.44836,-578.79034,-577.7091,-577.1517,-586.45056
-426.5073,-433.55188,-445.71075,-454.45972,-456.6328,-452.6558,-455.46213,-456.86313,-462.93396,-472.08633,-472.59152,-463.77774,-455.18646,-441.17352,-428.3364,-426.73083,-432.64767,-434.13107,-433.48013,-423.51398,-410.18463,-409.76163,-425.3173,-443.2105,-458.93732,-465.2386,-480.48355,-509.97794,-533.0093,-550.4668,-560.50586,-567.6978,-573.1649,-579.1495,-573.189,-553.2547,-545.7371,-560.3001,-565.34534,-548.9934,-494.52365,-451.67007,-424.27432,-411.54028
-306.07312,-312.1605,-321.58652,-329.34293,-339.95026,-347.22827,-360.21655,-374.48373,-387.04956,-390.14352,-400.4599,-407.41934,-395.86215,-372.10376,-355.33658,-351.20734,-349.53625,-344.83194,-338.35455,-341.01712,-345.57462,-339.49188,-336.0591,-343.4315,-350.4812,-359.73013,-363.69827,-365.10147,-378.0184,-398.2624,-402.1838,-409.26834,-433.5337,-458.67984,-478.94287,-488.71255,-504.89697,-528.4029,-532.10205,-519.3264,-504.9349,-487.44913,-462.93704,-453.2304
-356.5214,-368.7097,-389.00195,-383.29028,-371.15738,-380.22464,-394.96066,-402.58154,-410.7886,-424.59406,-445.13132,-456.00092,-449.18784,-434.71365,-448.4191,-471.28656,-485.96732,-488.53705,-502.4163,-528.4098,-545.7515,-502.4048,-382.79367,-345.9645,-337.09616,-334.93442,-340.59232,-356.3518,-355.49625,-359.4218,-379.78003,-395.66492,-403.51773,-400.7749,-385.9761,-392.47705,-416.97366,-428.17856,-453.5307,-482.07077,-507.25696,-519.10223,-531.98016,-538.159
-503.8941,-512.72437,-528.7035,-539.2317,-493.50223,-399.41614,-330.7335,-303.78867,-300.63626,-311.75812,-296.6001,-294.84662,-323.45715,-364.8593,-390.70868,-393.5115,-388.37814,-364.0826,-349.59274,-342.03677,-344.64908,-357.1541,-377.95996,-401.86246,-417.51233,-404.43866,-371.50247,-361.4226,-359.271,-358.5354,-383.2375,-410.4886,-422.34473,-434.89597,-455.5537,-469.5955,-438.0962,-396.9704,-375.9033,-377.66934,-374.69727,-380.6272,-398.04474,-413.4181
-574.00446,-566.2665,-568.93176,-574.5138,-574.272,-576.1552,-575.453,-569.2542,-564.8334,-568.13635,-569.9198,-562.04474,-561.4983,-560.69525,-552.74994,-542.1442,-528.269,-495.71973,-492.26294,-507.84128,-499.97644,-486.1831,-479.5249,-478.34238,-476.47247,-475.53723,-474.3352,-486.08127,-494.21182,-492.9491,-490.8309,-508.4784,-524.98425,-532.04504,-530.6698,-527.1709,-534.46765,-548.79706,-561.8552,-567.338,-566.7805,-568.10297,-538.56586,-521.1958
-437.60898,-439.27454,-437.5172,-410.2305,-356.64886,-295.80173,-257.61707,-232.14345,-222.04565,-237.23991,-271.2091,-305.99872,-337.95892,-359.88138,-369.238,-369.026,-318.06888,-274.39963,-272.49493,-291.3217,-304.25037,-311.42023,-321.2619,-332.95795,-343.2732,-330.18948,-310.22827,-290.64825,-294.0854,-321.65933,-345.11694,-361.8,-367.553,-376.96567,-399.4557,-420.20175,-431.66882,-332.81488,-291.63126,-296.0107,-305.50473,-333.2183,-349.4416,-356.82104
-373.69556,-382.5994,-396.72357,-384.41373,-373.9717,-374.62576,-384.9195,-402.95435,-420.4786,-430.55988,-433.55325,-430.2847,-426.98886,-427.59064,-444.9783,-466.81598,-485.44623,-502.19794,-508.9798,-517.50964,-527.6616,-536.5955,-517.7473,-524.39246,-542.33594,-534.18005,-543.449,-549.5204,-552.9876,-554.57056,-549.12134,-554.8713,-560.0994,-555.5904,-552.7775,-552.1636,-548.1484,-548.1098,-532.6994,-523.174,-512.05164,-503.6172,-495.49765,-490.19516
-461.9484,-460.4423,-407.45633,-386.37762,-403.2542,-416.6585,-403.3294,-379.63678,-388.765,-411.47598,-427.97015,-439.43958,-435.24597,-407.15543,-397.3858,-407.12808,-428.136,-446.7816,-463.01468,-474.76254,-480.1526,-490.00763,-495.5187,-499.80182,-505.72134,-506.2741,-526.1135,-544.0653,-546.9568,-557.0511,-564.421,-570.8629,-572.5572,-575.9895,-473.63794,-412.95596,-429.2518,-439.91406,-429.6372,-437.49783,-448.41135,-454.28455,-469.17813,-484.0701
-566.911,-518.3571,-463.05942,-443.54382,-439.49402,-434.00793,-441.9715,-448.57846,-441.175,-412.57068,-402.4686,-400.1988,-392.47528,-371.41068,-363.9894,-368.29715,-391.4246,-406.74146,-417.222,-426.71295,-439.2095,-447.07407,-461.5584,-472.4503,-478.14163,-484.4712,-490.19574,-492.2901,-491.44308,-483.8586,-479.10187,-480.83762,-482.7382,-475.52637,-450.73944,-426.75024,-413.2731,-398.9137,-402.37753,-414.88376,-411.9559,-408.2316,-409.4807,-417.12964
-407.19647,-419.5063,-449.933,-475.9149,-448.93402,-384.2395,-371.32166,-376.97968,-386.10632,-407.52588,-431.3062,-450.08804,-473.7902,-483.00018,-468.0011,-449.02496,-435.8968,-422.45374,-407.89615,-395.08044,-386.5745,-386.92865,-400.39713,-420.20483,-427.6178,-432.56143,-433.48737,-431.26477,-429.9759,-429.06717,-431.53244,-430.74063,-425.75684,-425.08597,-440.85898,-454.70712,-466.60513,-477.69342,-475.40466,-457.29404,-437.8181,-420.70346,-400.02063,-389.0284
-500.9991,-495.8545,-478.70456,-465.39493,-459.8994,-462.0459,-472.87912,-478.44086,-491.1129,-510.55783,-519.84326,-524.93695,-538.5805,-552.43854,-565.05133,-569.7051,-569.18317,-570.68445,-578.68823,-575.612,-574.63574,-577.316,-576.3176,-571.5701,-571.5386,-565.6365,-406.5674,-333.0297,-329.9597,-343.18533,-354.12518,-364.58527,-372.93896,-380.8884,-392.263,-399.13074,-415.8984,-433.05957,-448.78915,-464.80298,-474.11847,-480.82898,-473.15024,-456.3826
-409.4958,-425.68958,-443.50415,-440.96893,-452.18637,-464.4379,-464.3846,-468.5048,-486.22818,-515.2127,-506.92548,-456.657,-429.5002,-419.4792,-433.42496,-447.24063,-456.45062,-464.28375,-474.1106,-484.78143,-489.06128,-482.55237,-482.15286,-486.9218,-499.6008,-510.1905,-515.27094,-512.2633,-513.7548,-518.08905,-503.16013,-422.81036,-407.83798,-447.325,-484.0989,-501.04596,-495.4015,-494.3453,-504.7026,-510.88705,-497.45547,-476.84747,-466.26614,-461.163
-399.55676,-408.23328,-428.13208,-431.33005,-436.9936,-445.75024,-448.5764,-449.45197,-458.33337,-469.6193,-479.5057,-481.37872,-478.74677,-474.08426,-473.24924,-465.42978,-465.21222,-473.5173,-487.56833,-494.20444,-491.61383,-494.38904,-509.10022,-525.5053,-541.6462,-550.35675,-549.26874,-548.16754,-554.58246,-561.3128,-561.2805,-545.2796,-545.1999,-562.0078,-567.17377,-570.625,-570.37805,-563.4761,-569.55585,-577.025,-574.8892,-576.70056,-577.3273,-581.0801
-415.88513,-419.01126,-423.1987,-404.83182,-420.2519,-463.76102,-493.7771,-506.31174,-518.25555,-528.98376,-533.4481,-538.6359,-554.0839,-567.31854,-570.3947,-572.3016,-574.4734,-518.9967,-452.26685,-407.03232,-394.1851,-406.05063,-422.42932,-446.12387,-481.8898,-442.06512,-352.40726,-335.68634,-342.43854,-349.11575,-349.83978,-356.92773,-377.5239,-404.28568,-431.18213,-454.5548,-471.8208,-475.94086,-421.81168,-390.75107,-379.49442,-373.71405,-391.37292,-424.5595
-474.31033,-476.8471,-483.73325,-485.43518,-486.1469,-492.50693,-497.7089,-501.19016,-507.04147,-511.12344,-510.82257,-507.15265,-510.1584,-510.58835,-508.01523,-504.74933,-497.1502,-508.14267,-519.9946,-526.3572,-534.1631,-544.4506,-553.17236,-555.9746,-559.63116,-566.1647,-570.7993,-572.1904,-564.2352,-561.30585,-550.84344,-535.43604,-518.3463,-504.8059,-494.12616,-489.58093,-491.35834,-490.17126,-488.50073,-490.68713,-489.19687,-490.25592,-489.14313,-495.354
-539.9497,-538.9256,-547.2187,-551.52515,-553.3427,-556.0091,-560.58636,-560.3668,-557.45685,-555.32214,-554.05786,-555.2119,-565.1183,-562.8635,-549.52905,-556.96405,-563.75696,-552.7536,-547.42883,-548.7336,-528.60486,-512.6064,-513.9797,-527.1537,-533.11096,-475.71643,-449.9231,-482.8277,-508.0632,-530.4211,-547.6944,-561.8113,-564.1442,-543.5874,-466.72656,-384.66238,-352.58762,-356.62585,-364.2561,-352.79788,-353.33984,-358.02808,-358.15668,-366.51437
-513.1813,-512.9983,-521.5608,-534.7646,-545.0793,-546.2914,-552.9938,-517.4811,-456.39536,-424.7342,-413.80264,-411.37524,-408.61075,-412.5349,-418.6684,-423.9046,-435.08698,-441.0795,-436.78754,-439.94937,-471.28958,-490.3116,-498.65778,-521.1317,-546.64374,-553.6577,-559.5467,-565.31287,-561.81757,-488.5789,-426.8358,-397.3057,-343.4369,-315.0653,-309.47977,-320.62598,-337.8648,-341.50107,-359.47934,-392.70114,-408.30194,-426.45132,-444.63257,-462.39102
-403.40088,-402.96805,-400.75836,-395.21387,-398.40253,-426.65503,-444.4027,-431.2686,-437.87704,-455.1256,-455.33502,-456.30786,-459.60812,-441.22598,-425.21353,-413.74832,-426.5602,-419.91534,-387.71228,-374.81897,-378.02084,-386.45337,-392.89954,-413.51175,-446.22372,-474.42548,-492.98773,-509.09634,-517.165,-519.585,-528.724,-536.9135,-537.7804,-541.0355,-525.5586,-419.46356,-390.8412,-432.77377,-461.37665,-472.408,-497.33167,-458.22272,-384.89267,-376.80594
-373.07693,-390.49716,-413.69138,-418.1227,-414.28128,-400.0612,-401.0541,-410.08575,-420.9004,-435.98822,-453.62137,-465.2458,-469.02396,-466.63522,-453.4265,-428.96823,-408.47324,-407.72443,-397.38068,-385.37512,-378.8801,-379.7894,-381.74142,-381.6701,-397.68307,-425.96765,-466.62637,-478.33813,-435.91034,-394.00024,-386.1229,-388.08932,-384.86353,-386.1453,-390.01627,-401.48022,-412.11395,-423.04803,-451.31763,-476.6115,-499.52225,-512.53094,-525.9958,-546.1339
-508.43665,-514.9071,-532.30774,-536.84155,-537.903,-544.7631,-553.7166,-561.9951,-565.0262,-561.45575,-554.27686,-550.756,-562.0444,-570.753,-566.54126,-568.09705,-573.1736,-576.5879,-574.8345,-578.4387,-586.14056,-582.02734,-556.252,-455.12775,-425.9436,-447.09882,-461.0913,-468.21793,-461.90796,-442.59207,-430.9182,-419.52225,-411.6626,-412.28735,-406.28497,-378.4998,-358.60352,-349.62445,-371.04367,-422.763,-448.7031,-443.01837,-439.4435,-446.81467
-485.69208,-483.3192,-477.98843,-461.80734,-456.02457,-469.7206,-481.8337,-495.87735,-490.30634,-487.05493,-507.83188,-533.84314,-552.5841,-565.13855,-577.6095,-578.73846,-571.9364,-571.2327,-566.0739,-554.55005,-544.7297,-537.6796,-532.3645,-531.73627,-537.3311,-534.302,-524.0807,-519.05206,-519.00964,-513.96405,-516.8012,-521.66815,-527.3339,-526.88184,-522.0454,-522.7289,-521.5521,-524.89374,-524.11426,-523.3355,-520.5523,-522.6494,-528.2077,-534.9458
-558.75494,-558.9049,-567.16254,-570.3058,-571.89,-572.3163,-574.4271,-575.2379,-574.47656,-572.496,-566.8519,-571.52386,-569.174,-505.86447,-474.66174,-492.09738,-522.07635,-461.44525,-359.71472,-333.40765,-336.89554,-338.7501,-338.58255,-341.69528,-371.62778,-409.83212,-441.3236,-473.87524,-419.26236,-374.04156,-361.36508,-371.4321,-386.99976,-398.95764,-402.77292,-405.6799,-408.82166,-418.41714,-430.58386,-436.8001,-435.3005,-438.91745,-446.35522,-451.80188
-243.49164,-264.1586,-304.58865,-331.80264,-356.79153,-384.11908,-408.08438,-424.55054,-416.39017,-410.1997,-412.71216,-392.75473,-371.43994,-369.45654,-393.27432,-426.99792,-443.2345,-448.36447,-435.67392,-386.6713,-373.29373,-380.99637,-381.62738,-386.61667,-388.25937,-394.01126,-397.30536,-419.60718,-450.2734,-478.39624,-489.1287,-501.56467,-501.20343,-495.10513,-504.78983,-521.36395,-528.74316,-535.86053,-542.6227,-539.70087,-524.86285,-502.9303,-508.42288,-533.33124
-392.57184,-415.11267,-458.36673,-489.98163,-513.1278,-532.1087,-536.603,-529.80347,-537.7762,-494.04572,-406.1221,-379.90543,-371.79773,-382.6289,-407.2922,-412.23642,-390.5649,-384.23666,-388.13635,-385.09116,-373.64322,-373.84744,-398.59457,-420.61124,-441.29245,-453.0511,-448.05035,-427.77176,-415.94684,-417.18152,-417.76526,-413.58807,-422.20404,-436.9558,-431.1981,-405.9369,-382.17648,-380.8352,-378.86975,-387.09875,-404.31802,-407.50125,-395.37634,-391.00925
-551.54395,-556.07214,-561.5428,-559.66626,-565.6099,-566.9761,-566.46405,-566.28107,-547.87195,-482.01065,-469.69858,-489.9233,-478.5282,-490.73996,-499.48596,-499.01804,-503.48038,-489.09796,-472.4938,-472.83444,-482.46387,-488.56485,-500.81433,-516.56525,-528.5851,-544.8036,-560.1317,-571.122,-574.45654,-566.2671,-536.0943,-503.36383,-484.64807,-478.51184,-472.55154,-469.63672,-474.83868,-482.9583,-491.86578,-500.1474,-511.29083,-518.7938,-525.8916,-538.98895
-484.41687,-477.08075,-478.94858,-468.6738,-469.28964,-476.6485,-475.81842,-475.75955,-472.56717,-471.3179,-483.79922,-506.04453,-526.37415,-521.65656,-521.0518,-521.3211,-518.5773,-517.9946,-523.59393,-520.9397,-518.40967,-516.8471,-516.6768,-521.7135,-525.98663,-532.4862,-536.4607,-525.3787,-517.7868,-518.8298,-500.1084,-454.24585,-437.75687,-444.05325,-452.95187,-466.58472,-477.06815,-486.44724,-498.0208,-509.76477,-517.3787,-521.5303,-520.645,-526.2124
-580.41064,-565.18384,-554.3644,-558.36804,-564.082,-561.56085,-561.75836,-565.2659,-561.333,-555.6971,-556.5027,-560.152,-566.9325,-569.84283,-561.2315,-554.174,-546.2298,-541.69147,-546.6683,-536.56476,-535.99133,-549.65594,-561.15045,-563.0536,-570.5803,-569.07837,-564.2575,-567.4907,-568.7415,-572.3104,-568.65497,-556.23535,-541.9722,-526.8203,-503.5789,-480.372,-460.89917,-454.55365,-457.4209,-466.78378,-467.41336,-467.8342,-463.69424,-461.36075
-521.98254,-525.39795,-531.0427,-532.94916,-535.214,-538.5412,-515.9386,-504.52176,-530.64014,-546.5388,-555.27277,-564.026,-569.924,-576.14154,-576.1115,-562.17865,-435.74133,-380.0228,-375.1996,-396.9353,-444.64517,-473.7211,-497.65894,-521.30133,-533.1654,-532.513,-535.858,-553.74365,-568.2398,-572.1635,-575.2346,-578.48486,-564.75574,-536.57947,-540.96106,-558.73663,-562.1747,-551.37024,-512.0331,-476.05554,-456.03635,-456.08405,-447.1012,-429.65506
