-399.6789,-394.2729,-351.42557,-305.9342,-308.3664,-332.98505,-368.28903,-408.5344,-425.1241,-408.41095,-356.1675,-312.39136,-308.09818,-352.9604,-397.6118,-413.4214,-409.7714,-398.94028,-352.84848,-308.81735,-275.6995,-267.89407,-279.58734,-321.93164,-353.82684,-372.0072,-400.2173,-402.34824,-297.81244,-267.8453,-278.4345,-309.0374,-357.97513,-416.54352,-437.73672,-452.2448,-400.4317,-333.73306,-331.32748,-328.30823,-320.94653,-343.5103,-359.3369,-390.3345
-426.76398,-368.21658,-339.96606,-345.08118,-375.82318,-399.54382,-410.1474,-426.16675,-426.98718,-374.0559,-360.49463,-378.3255,-365.01193,-364.00937,-374.50394,-409.53894,-454.00476,-461.38657,-472.21655,-487.17517,-494.29144,-493.85284,-492.72775,-494.25262,-493.57953,-495.6596,-475.6309,-429.87534,-407.5672,-384.89008,-369.0839,-383.13974,-421.9268,-442.0068,-335.45233,-308.16855,-350.37537,-401.67438,-428.3338,-420.35455,-416.67258,-421.40503,-430.9845,-436.33978
-449.99283,-458.89185,-457.68674,-427.08704,-413.6686,-432.27313,-454.06052,-462.5006,-450.2859,-429.26996,-415.15695,-406.8877,-396.77484,-399.7736,-419.39865,-443.7826,-468.19388,-484.2624,-489.39587,-491.80466,-492.71786,-489.0263,-474.08685,-466.38306,-465.99753,-459.82672,-461.86795,-474.26697,-484.43668,-483.88632,-451.0693,-420.29742,-395.23886,-376.25684,-371.2901,-361.2898,-342.82043,-331.6399,-329.41882,-329.15607,-323.53976,-319.91373,-337.32993,-360.18134
-343.77393,-360.04984,-379.57547,-372.03354,-369.8512,-360.5858,-365.2674,-402.1985,-441.29156,-467.90656,-477.9642,-467.78522,-434.45117,-350.91046,-295.6855,-272.7321,-275.00006,-288.69113,-302.5614,-337.91507,-374.29684,-322.56107,-239.3379,-218.31952,-232.25887,-244.24164,-258.82217,-271.38727,-317.31625,-333.05057,-284.94962,-290.54327,-329.476,-349.20538,-332.74396,-344.95245,-382.81644,-427.15793,-417.30615,-370.13766,-343.60733,-360.1319,-417.96286,-468.17685
-244.41093,-233.93079,-242.87946,-219.3275,-222.25262,-233.77985,-245.27597,-224.42375,-186.76044,-174.40434,-182.06429,-189.05092,-184.29518,-220.81958,-273.88507,-320.72522,-292.26324,-208.32481,-175.74283,-177.9314,-171.4128,-179.5537,-209.09813,-241.62726,-251.25842,-230.99707,-227.07225,-245.99586,-270.90714,-285.41547,-299.2182,-321.22678,-355.1379,-352.6333,-302.95316,-265.76154,-274.22595,-289.55786,-298.05185,-314.71945,-334.41623,-330.9033,-295.0473,-280.6415
-506.85873,-500.98703,-501.00223,-502.16885,-497.25757,-495.13962,-496.96307,-469.6262,-417.72522,-438.95184,-445.91946,-418.735,-385.62192,-361.77792,-355.9203,-376.46857,-422.08435,-444.91306,-452.8055,-460.3116,-465.39972,-469.74747,-479.82288,-493.12833,-497.35474,-498.25473,-496.73654,-489.45743,-418.2458,-406.5239,-446.44025,-430.75293,-415.51218,-411.3949,-427.83835,-452.1771,-422.32193,-354.4618,-330.6487,-372.43225,-413.66678,-394.20746,-366.40836,-357.10092
-487.3639,-483.6923,-493.9784,-499.27496,-477.84668,-445.4429,-436.86505,-443.31006,-451.90457,-456.63684,-455.77167,-457.44492,-464.1203,-466.57394,-474.22083,-475.00916,-477.7241,-478.62488,-477.31738,-485.4405,-492.9392,-499.02698,-500.73138,-483.92947,-427.2616,-389.20306,-376.64194,-372.452,-368.7876,-382.1856,-406.3408,-390.00934,-312.13544,-278.6963,-289.12747,-313.49045,-345.93835,-378.7199,-324.40906,-328.5025,-396.54822,-439.95258,-428.75043,-415.69513
-355.71463,-322.23438,-294.68152,-300.67908,-343.0514,-367.66104,-388.6768,-392.787,-380.4182,-361.62457,-351.62372,-336.72842,-289.57626,-258.66412,-240.02722,-219.70169,-221.04512,-264.9627,-307.8653,-264.66385,-222.99547,-209.66391,-210.44199,-235.2916,-269.9735,-298.39865,-282.96414,-249.4856,-244.50392,-275.55426,-308.36746,-327.212,-342.9694,-331.49243,-303.04868,-282.55942,-285.95297,-301.3449,-319.55237,-352.7359,-383.56796,-341.63718,-287.20926,-295.95303
-315.2877,-309.27716,-325.5786,-347.24875,-370.1993,-389.35126,-403.5156,-403.5721,-392.1797,-396.46057,-409.28,-388.41373,-357.17886,-362.4148,-369.9211,-383.24893,-408.4995,-447.15637,-482.09564,-477.1328,-456.95065,-435.90546,-420.73596,-414.80844,-411.88858,-405.5272,-403.32455,-403.73413,-402.21973,-402.87442,-409.52728,-417.2105,-430.50812,-436.4342,-445.14175,-457.96118,-471.58783,-480.93207,-490.05908,-497.21198,-500.10782,-488.02884,-436.3107,-410.44553
-450.25665,-453.71014,-464.08508,-467.93652,-476.35916,-483.53812,-473.4186,-441.09402,-423.77325,-422.14978,-362.19437,-331.49496,-303.77002,-277.69913,-312.8371,-341.54257,-340.60815,-329.3363,-340.61304,-371.10944,-408.76093,-438.4867,-463.2886,-474.2924,-454.2308,-425.68582,-419.07935,-406.61935,-387.69852,-342.58926,-304.01172,-318.9027,-364.31882,-312.2021,-295.27228,-333.87805,-380.01016,-390.0267,-364.76273,-360.89993,-352.6833,-353.17615,-358.93027,-372.09827
-434.715,-427.90228,-425.44672,-428.3886,-459.90286,-482.33392,-485.5991,-481.44568,-469.43314,-438.50247,-410.29163,-390.7066,-371.76068,-358.9898,-351.32397,-341.88046,-341.69827,-340.45166,-340.7979,-340.3565,-345.86115,-359.23502,-369.30066,-382.47748,-399.2488,-410.3162,-425.35675,-446.10117,-464.15137,-476.43723,-486.06885,-489.62604,-486.00143,-444.4224,-362.70438,-328.8084,-316.42584,-303.4497,-295.5681,-298.441,-299.67957,-300.17343,-297.33612,-297.10144
-497.35208,-487.37213,-399.54843,-357.8819,-385.86044,-385.47867,-391.84268,-408.86862,-424.57425,-434.73514,-440.2798,-452.10776,-456.5843,-458.07544,-453.83118,-451.78433,-447.47308,-443.5401,-444.427,-452.06906,-455.16443,-458.88647,-464.71115,-470.82434,-472.3695,-470.684,-469.8848,-471.18542,-477.40195,-481.2113,-484.53247,-488.79697,-488.72018,-492.53265,-498.76495,-499.54288,-499.55374,-499.13815,-499.0098,-500.224,-502.54486,-496.11917,-493.61166,-496.3778
-478.843,-473.42688,-477.37518,-484.51535,-495.33286,-498.86636,-498.05698,-495.04172,-479.793,-397.97635,-327.8726,-292.8601,-282.72083,-287.23035,-301.33273,-315.29935,-332.15128,-347.0743,-367.70682,-415.17828,-439.90665,-437.52414,-449.21478,-458.98587,-460.78796,-450.29944,-457.86578,-480.68417,-489.49152,-488.84305,-490.32202,-441.4064,-372.22327,-340.10083,-347.42804,-371.78418,-399.39764,-424.58926,-448.31644,-474.09076,-489.3517,-492.62183,-497.2097,-503.51407
-399.18213,-397.67056,-400.31168,-404.0779,-405.80478,-413.74124,-437.1867,-473.82324,-491.59833,-483.20242,-439.8038,-380.26892,-335.60437,-329.32516,-325.7488,-336.30316,-351.5082,-362.0619,-374.55347,-380.88562,-385.40897,-388.81393,-385.7133,-388.6408,-397.7462,-417.2499,-438.97546,-449.67816,-451.98978,-466.02423,-479.59265,-483.9826,-488.976,-494.74133,-493.54944,-492.9475,-494.0672,-494.9812,-494.16916,-493.93973,-493.47473,-495.01297,-498.20605,-499.1826
-402.97882,-389.11993,-393.89542,-411.0484,-438.61362,-451.57193,-469.40833,-474.39188,-462.59207,-442.24332,-398.74945,-390.5301,-371.4156,-346.26953,-337.2579,-332.39536,-338.53793,-346.2982,-360.6153,-385.27832,-418.49188,-404.95023,-356.14206,-308.91266,-293.88077,-299.8327,-306.8986,-313.8051,-338.18185,-376.86478,-421.38367,-432.88132,-345.4336,-307.99744,-324.9232,-335.32718,-328.00305,-315.71643,-352.0901,-372.04907,-334.57303,-290.69702,-281.87082,-331.61542
-407.25018,-397.46594,-400.7506,-428.27588,-451.44473,-387.57455,-312.41293,-297.15622,-315.89612,-346.67026,-383.74777,-378.40485,-385.90598,-412.74466,-419.4187,-385.33383,-361.09366,-336.9458,-337.3289,-382.90112,-407.90875,-408.40665,-423.99734,-418.211,-355.98312,-326.35977,-324.34592,-296.45105,-276.9251,-283.7688,-333.4137,-342.41864,-298.07123,-294.105,-321.57825,-365.60648,-353.41653,-328.12012,-340.70456,-372.67523,-361.60056,-370.65686,-398.53217,-415.78973
-381.7946,-404.99695,-458.60406,-461.77826,-455.95352,-452.81198,-460.7403,-469.35153,-477.2267,-473.13583,-442.78738,-398.75574,-364.29904,-333.91415,-317.13144,-314.18866,-309.17728,-312.66586,-318.5509,-318.85257,-326.738,-336.4137,-348.40295,-357.29987,-365.34378,-380.6975,-391.00586,-405.76984,-429.76486,-445.12613,-452.44925,-464.2351,-483.03516,-491.05,-490.44763,-490.45935,-479.98877,-439.68826,-359.95737,-314.0057,-306.45523,-311.64075,-308.69687,-300.90256
-291.96378,-304.0858,-327.46216,-344.78214,-345.57794,-329.97675,-326.6629,-338.37177,-311.2052,-277.17822,-273.99387,-303.3605,-330.038,-323.05508,-334.78146,-349.26413,-369.66846,-402.20035,-408.7805,-342.01758,-304.64343,-314.45163,-335.69986,-340.92206,-337.6055,-340.93542,-314.9919,-302.4118,-325.14856,-353.60126,-356.58627,-380.26337,-396.7474,-373.127,-332.44504,-317.37134,-300.7035,-287.2834,-288.956,-300.61325,-307.7287,-308.06418,-258.5025,-247.2257
-387.1643,-376.4744,-374.09555,-376.38416,-391.09406,-393.45694,-363.54095,-310.30707,-305.71902,-311.83188,-321.0508,-380.49344,-412.40872,-334.4252,-303.32642,-315.1427,-371.06747,-419.67435,-424.69897,-446.46948,-473.3133,-486.2193,-398.21567,-309.2442,-283.89633,-278.1176,-291.03925,-317.62668,-330.8501,-349.6043,-385.84033,-427.43304,-441.3542,-420.0014,-392.1404,-388.1001,-409.04608,-450.31015,-425.9238,-304.776,-283.38913,-316.82635,-321.22943,-351.7908
-369.49014,-395.64462,-393.6366,-365.083,-370.81665,-384.34232,-386.79077,-362.526,-318.69077,-306.13123,-331.4397,-369.04205,-384.47205,-366.48166,-376.58957,-381.7404,-362.87308,-369.35013,-400.79514,-422.20428,-427.33932,-421.7079,-401.2117,-390.88943,-407.60657,-423.9049,-426.79227,-447.8329,-376.3655,-309.16522,-298.37436,-297.92392,-310.05493,-321.58896,-318.30273,-321.08932,-322.77588,-322.81995,-337.6848,-345.62335,-353.00516,-385.35696,-421.01422,-441.5207
-270.65576,-263.48938,-294.80615,-359.64413,-341.7745,-291.75085,-313.04736,-360.21625,-376.15088,-385.84555,-388.95938,-391.09512,-414.2741,-433.57336,-441.58243,-447.48633,-436.60693,-404.542,-370.3982,-356.0617,-353.88742,-350.70407,-336.94382,-314.34332,-317.8798,-328.91278,-347.52637,-355.86273,-337.06006,-337.1951,-358.4918,-385.19202,-397.32947,-432.00693,-462.4336,-419.86026,-375.27386,-355.71008,-359.51596,-379.59958,-380.85,-358.2655,-328.47372,-323.38547
-413.80075,-396.04837,-391.75443,-397.8821,-414.91223,-445.73975,-468.25134,-471.45322,-414.29016,-340.5707,-299.44525,-279.82068,-280.67105,-284.92313,-295.06235,-321.2487,-360.45734,-408.7499,-447.23523,-459.69,-460.65137,-449.2248,-427.49136,-421.78574,-420.73495,-420.03537,-411.3374,-400.53888,-382.52396,-366.99225,-357.79968,-351.07602,-346.25983,-353.34256,-368.11954,-386.5389,-420.7521,-465.23578,-486.2318,-433.9972,-331.04495,-303.41248,-338.13196,-375.3044
-510.15363,-501.83408,-495.0684,-488.61942,-490.67328,-496.4931,-498.23535,-498.16983,-502.27887,-498.44803,-493.46408,-494.81314,-493.244,-494.3476,-495.71274,-494.0601,-490.89542,-490.6703,-485.84424,-465.2885,-471.0952,-458.0054,-425.15524,-419.0124,-418.9905,-407.75226,-408.86023,-422.37018,-425.38852,-424.3547,-425.04688,-426.516,-435.74454,-456.73514,-474.91895,-477.41895,-475.78662,-481.94897,-487.64108,-492.8349,-488.89273,-485.17044,-481.12665,-472.67972
-442.89667,-345.3586,-297.74933,-308.38748,-325.71805,-333.59647,-342.71033,-345.8579,-355.94843,-360.15518,-353.48016,-353.34125,-358.67865,-364.65738,-376.36276,-385.64243,-402.6841,-430.98886,-459.52878,-481.12582,-486.9808,-491.89468,-494.69443,-495.8917,-495.23727,-494.26492,-496.2359,-495.2646,-497.1657,-500.52646,-497.3301,-492.29874,-490.89127,-490.7162,-492.56213,-493.83475,-491.40262,-475.0723,-463.27768,-460.97076,-344.76596,-282.23413,-272.0707,-312.17874
-313.1564,-323.06155,-366.02823,-393.81186,-330.62283,-319.1307,-352.4571,-314.35654,-248.54356,-247.45338,-268.61298,-287.78586,-329.5633,-347.3803,-344.34335,-351.5773,-343.6845,-334.59668,-338.66617,-353.7462,-375.7896,-405.40945,-416.21088,-424.10352,-441.49866,-449.69568,-458.94098,-467.56827,-460.94656,-455.43262,-477.83887,-482.48798,-467.87314,-449.10843,-428.6772,-397.56024,-357.27835,-337.4832,-351.7498,-379.12088,-398.7776,-423.83878,-443.69214,-453.35574
-382.04614,-393.71518,-430.98166,-451.04175,-435.46573,-365.34213,-319.08246,-296.0154,-314.34,-313.0358,-278.61255,-283.65616,-315.59546,-325.44382,-312.38705,-319.79254,-332.05325,-339.31152,-346.13126,-347.0443,-349.87573,-355.44275,-362.40042,-382.69202,-380.00204,-333.15924,-344.48236,-363.0597,-366.23868,-377.35773,-392.9921,-424.1742,-469.7995,-481.9877,-451.43796,-445.63733,-471.36246,-481.53094,-492.7212,-499.2879,-494.117,-496.70392,-495.65665,-505.71832
-418.83102,-397.7842,-350.56094,-340.86182,-364.2338,-367.06302,-387.84695,-402.63635,-411.2729,-433.83524,-438.3224,-445.92538,-459.646,-475.26523,-444.08856,-419.90118,-433.20526,-422.01675,-303.84012,-256.19797,-271.89914,-331.58923,-364.01343,-356.5837,-350.98068,-356.79608,-345.62393,-326.629,-325.1134,-329.84372,-338.6415,-340.35532,-326.77173,-336.20898,-362.05505,-372.03168,-357.5696,-345.1816,-347.6528,-334.04596,-336.80594,-350.47778,-349.85135,-352.23505
-304.5336,-306.7312,-333.2113,-378.04395,-401.42734,-405.23395,-398.96265,-398.61462,-394.13586,-364.55392,-333.93256,-317.66565,-323.17062,-330.56268,-353.68002,-394.51508,-369.70294,-363.2596,-358.27097,-382.40274,-425.6662,-433.9866,-413.14655,-380.12177,-359.60855,-348.78958,-350.75775,-346.2963,-340.3789,-351.2606,-368.84482,-367.51028,-394.51242,-415.23862,-414.04218,-423.03586,-355.14993,-334.10608,-336.69528,-361.1126,-374.97702,-371.58652,-380.51532,-406.53546
-308.8731,-288.0669,-284.0967,-280.85776,-283.1638,-299.0823,-323.07617,-339.9765,-336.94748,-311.0454,-304.32642,-314.8805,-333.22794,-363.1434,-403.81308,-449.52966,-470.4289,-453.3901,-426.95688,-396.60193,-380.6578,-383.77097,-402.19775,-412.75394,-416.92117,-413.56726,-402.06537,-400.79385,-394.64502,-396.01993,-409.45013,-418.26962,-434.10107,-461.02115,-483.7434,-493.51453,-490.36237,-492.06854,-492.2906,-490.94107,-492.21365,-494.15057,-497.12036,-504.5055
-454.07907,-461.69818,-465.0496,-439.44495,-412.1721,-386.83588,-377.35825,-353.6434,-325.34973,-319.7805,-333.34036,-378.7763,-446.71936,-458.2864,-432.75357,-422.1822,-412.50064,-409.4084,-403.11447,-388.51254,-377.66165,-372.35852,-372.5667,-374.9614,-377.02005,-377.34805,-386.22488,-393.13168,-395.41904,-403.4752,-412.92535,-423.56473,-429.40216,-436.9891,-447.15768,-459.13226,-469.28113,-465.59235,-466.8477,-474.43423,-478.4796,-479.94562,-481.52554,-483.3074
-163.2212,-161.92299,-163.82072,-172.6544,-187.93855,-208.51831,-212.68692,-195.01048,-195.8021,-220.76176,-262.04083,-280.34183,-276.91913,-262.67688,-266.7553,-311.2412,-366.32852,-417.3131,-412.01294,-331.88892,-286.86343,-294.51898,-342.51123,-396.3621,-396.67136,-345.34882,-309.23923,-293.2951,-287.21558,-282.99118,-282.56894,-285.35934,-296.1222,-307.88348,-305.82962,-310.26157,-318.69687,-329.61426,-342.6842,-352.58005,-362.8987,-374.06717,-382.53336,-391.49835
-370.33188,-362.6139,-356.7862,-346.02463,-340.25836,-337.4724,-331.46545,-335.3965,-352.71854,-360.13892,-366.46198,-367.94965,-379.23114,-391.01944,-406.3828,-416.0594,-417.08716,-413.9045,-422.2724,-443.3235,-458.90564,-477.52908,-488.93933,-490.97855,-490.09363,-493.33063,-494.00955,-492.5002,-490.83774,-491.86182,-491.92386,-488.42398,-491.83463,-497.53195,-497.041,-499.6824,-496.1716,-494.82248,-493.24872,-489.67853,-486.65872,-480.35303,-478.18332,-478.36542
-331.32523,-341.3197,-359.6933,-384.7366,-387.44327,-388.3136,-352.97876,-330.3225,-337.50626,-349.78967,-346.7885,-349.28394,-349.9528,-332.17368,-326.3229,-329.22867,-326.30936,-355.87436,-382.4478,-408.4675,-418.9729,-429.25082,-413.69174,-361.14664,-325.35962,-315.69482,-351.0445,-382.575,-340.20035,-315.52594,-312.1443,-331.74088,-371.00742,-418.26712,-424.78265,-425.58597,-438.6409,-448.002,-442.43677,-460.14346,-470.85162,-472.39444,-479.3233,-492.45273
-476.10297,-480.20004,-488.88742,-490.94098,-494.0047,-460.78104,-438.03564,-428.14954,-397.00674,-364.88193,-344.67505,-342.6651,-353.4436,-360.6366,-390.37244,-406.6293,-389.21454,-365.85965,-372.5269,-383.5794,-384.58115,-388.13873,-388.03778,-373.31854,-366.7035,-371.3273,-378.5079,-415.3042,-459.29968,-477.86826,-482.2254,-482.9761,-482.94632,-455.63425,-409.7568,-383.42432,-366.9412,-357.3501,-366.64346,-377.23965,-387.69922,-386.9797,-400.06482,-423.87097
-499.37878,-492.07596,-492.30875,-492.165,-489.8032,-492.91864,-486.9964,-458.2706,-423.13315,-412.07733,-415.18912,-422.03427,-433.30118,-446.09912,-455.87762,-450.27194,-413.8383,-380.7789,-379.11472,-373.0266,-378.2249,-335.7637,-314.37546,-315.56888,-323.8727,-354.7672,-434.61905,-480.0868,-467.0738,-449.56052,-445.67303,-408.87814,-373.5491,-378.2961,-415.32764,-386.05682,-357.35687,-337.62213,-326.11923,-359.95377,-376.96542,-304.3548,-299.29172,-336.3905
-360.34305,-366.7984,-393.8435,-396.7524,-389.59033,-378.4605,-393.83188,-452.72278,-480.5416,-393.26883,-336.34894,-333.8919,-308.06723,-292.7315,-302.95093,-327.8729,-385.81268,-464.22723,-480.4,-486.5086,-490.95807,-493.58142,-488.90366,-480.77332,-484.90054,-489.6698,-485.35095,-482.6978,-437.70337,-370.08536,-304.74463,-281.1563,-275.88788,-279.02332,-290.4849,-311.14056,-346.11853,-404.9909,-459.5847,-455.37772,-338.08502,-276.8473,-226.09657,-209.9746
-392.88266,-383.41852,-391.20557,-415.8495,-432.5881,-410.44836,-333.77393,-326.04807,-370.06372,-398.84308,-426.53152,-461.1965,-487.26306,-491.7649,-493.91718,-491.69894,-484.18423,-473.87238,-456.0546,-429.64713,-411.94684,-422.58554,-405.07956,-294.00568,-264.254,-287.8124,-319.8516,-330.62286,-346.08267,-359.53622,-367.0306,-371.3803,-381.88077,-393.59668,-401.69278,-397.89844,-344.98074,-307.4615,-313.70743,-356.97305,-380.0501,-391.8555,-405.15344,-409.24518
-477.41342,-471.69727,-469.85544,-449.4663,-457.78314,-476.50412,-475.77203,-471.7907,-481.18115,-490.68082,-478.36963,-445.55322,-450.52045,-464.84265,-473.00705,-480.8567,-487.23074,-484.5335,-486.1795,-481.87936,-473.42105,-477.6366,-484.6385,-480.5929,-477.63818,-479.3786,-478.69565,-482.13318,-488.97684,-487.03253,-484.94025,-485.8514,-459.53214,-402.6027,-414.8199,-487.04077,-479.2524,-404.52945,-352.88525,-352.35886,-325.65936,-271.81073,-274.1945,-311.53214
-361.39346,-374.48123,-397.98624,-393.3252,-383.53058,-367.62598,-372.07816,-418.11926,-462.94617,-414.45236,-390.10004,-395.44916,-426.4851,-464.1477,-396.63788,-361.0536,-374.90115,-388.80045,-394.4948,-391.1875,-386.25824,-388.00586,-398.75,-418.2915,-445.2165,-455.90054,-434.1737,-431.324,-453.71826,-479.00018,-465.37354,-382.901,-338.68237,-329.06598,-369.1585,-450.7675,-471.5784,-475.39682,-406.04483,-366.2876,-352.64035,-345.47366,-336.88675,-349.06143
-440.2998,-431.41592,-429.59045,-420.6461,-409.55862,-411.17145,-415.42297,-418.87268,-428.86734,-443.3191,-459.78503,-466.45734,-471.83884,-481.53555,-480.56622,-376.31577,-326.5458,-339.65823,-319.33484,-308.21982,-307.9187,-297.18015,-318.59998,-349.20068,-363.98846,-384.84503,-416.16238,-329.66504,-265.07666,-275.7091,-318.75357,-368.0276,-437.31662,-402.8474,-368.47003,-404.5506,-442.7493,-460.81427,-471.53482,-474.33832,-480.33813,-488.72665,-492.33948,-483.53595
-449.67615,-446.9832,-452.97333,-453.71066,-455.28946,-463.5579,-475.41226,-477.9251,-475.3084,-482.57663,-490.1779,-491.33588,-484.5705,-476.34116,-456.44595,-446.11108,-438.46652,-423.7646,-400.20343,-375.58505,-363.71805,-367.9296,-369.31302,-372.55698,-374.147,-376.70554,-372.55734,-377.99094,-399.9004,-436.38406,-452.5244,-450.4073,-450.17825,-450.20657,-452.4908,-462.19586,-469.54974,-471.12827,-478.06824,-453.1336,-347.13492,-304.65448,-317.5573,-336.51282
-481.53842,-483.84436,-480.31198,-396.40198,-310.3711,-260.96045,-276.8028,-321.11966,-375.1083,-391.86877,-398.6147,-379.72635,-366.79523,-386.43805,-413.88318,-412.8576,-379.98526,-360.29813,-358.899,-356.24313,-354.5462,-358.45303,-368.46802,-380.9332,-385.4886,-384.19385,-340.12454,-326.65964,-336.92654,-359.77942,-395.7293,-419.09033,-438.3513,-405.63147,-385.5989,-392.17624,-426.41965,-451.01855,-440.88943,-430.46243,-425.1917,-438.52618,-417.89233,-404.09064
-288.58984,-286.8109,-295.37915,-309.52652,-312.31726,-280.01822,-258.7254,-248.0607,-255.93463,-277.58484,-291.40558,-317.81827,-373.2709,-372.80185,-350.12372,-358.23438,-366.00592,-334.974,-322.9567,-327.506,-358.9558,-395.92844,-366.98987,-305.03076,-279.8474,-299.52176,-350.608,-325.01556,-244.36009,-229.81583,-247.96207,-267.4581,-305.96268,-356.14868,-355.2937,-371.45673,-406.053,-427.6977,-416.5851,-383.1064,-380.06418,-385.325,-381.76904,-384.70795
-420.48978,-413.79126,-402.40875,-382.29648,-379.7051,-358.9164,-354.0643,-347.8772,-310.93155,-285.5682,-284.18362,-291.18747,-316.86838,-374.0356,-386.38248,-366.94537,-383.7941,-410.7934,-407.52417,-408.57648,-400.94714,-406.73572,-418.07602,-431.77734,-452.10907,-472.94507,-474.39127,-454.5673,-426.65878,-425.8917,-452.94702,-368.05344,-309.015,-322.79382,-362.68475,-391.38058,-404.74646,-419.89484,-415.6087,-386.9868,-366.3229,-359.23776,-358.14798,-361.22833
-302.40482,-318.22354,-357.13306,-395.41458,-426.9512,-429.21878,-421.496,-413.65445,-410.35074,-411.0243,-405.31418,-369.13675,-338.368,-323.49588,-322.2137,-324.2126,-321.1907,-320.1813,-323.25555,-340.6671,-357.61115,-357.3925,-348.9481,-308.4467,-278.64157,-277.1277,-266.39148,-248.93689,-257.4952,-312.62247,-419.61218,-422.2329,-400.24423,-388.85794,-325.75204,-283.9233,-315.04282,-401.02444,-440.3888,-379.31622,-344.9399,-338.664,-312.34845,-297.2992
-350.7376,-357.56256,-371.2781,-363.6376,-371.9006,-403.5582,-449.40027,-463.2551,-466.6599,-464.86185,-457.45847,-429.18054,-387.46927,-346.75455,-335.65402,-326.0647,-326.39883,-334.05753,-342.917,-343.41135,-347.4921,-351.14145,-364.45578,-408.3579,-452.65796,-434.96384,-409.6323,-426.34033,-462.63297,-495.36816,-491.3465,-426.8017,-370.33145,-378.26035,-371.14862,-341.65018,-346.68707,-396.21844,-459.1293,-477.22647,-484.27124,-487.71555,-488.84198,-488.0499
-500.978,-496.5444,-497.7676,-497.36618,-499.3555,-495.679,-496.27277,-498.73642,-499.0364,-496.49487,-497.78995,-502.21338,-495.73166,-480.96213,-387.29642,-332.22482,-320.8889,-314.93936,-308.3879,-309.0942,-313.87415,-317.27798,-320.62766,-321.95874,-329.24448,-335.51483,-333.5686,-336.77448,-341.01572,-346.12457,-355.1853,-375.44427,-395.60907,-424.7784,-450.0277,-443.1846,-428.1561,-429.08408,-434.40762,-435.77985,-435.013,-434.75128,-426.6471,-416.50394
-364.8814,-374.01917,-392.06735,-410.72443,-359.50684,-316.98383,-334.39838,-349.70154,-380.85324,-411.6929,-440.97266,-470.67352,-449.9804,-381.87354,-336.97357,-329.11337,-329.5278,-335.78748,-346.237,-368.19424,-400.88632,-427.51794,-432.85098,-423.85406,-411.63248,-387.4167,-345.93002,-340.94092,-338.4067,-336.7392,-346.90958,-360.26218,-364.22015,-367.27603,-382.05936,-384.5316,-380.91333,-376.4562,-376.31018,-387.5392,-407.3124,-414.06134,-409.82535,-416.3395
-405.63284,-395.3501,-402.00314,-407.32083,-410.09482,-405.58017,-348.6876,-317.4601,-317.09976,-333.46274,-366.80103,-419.96298,-441.10645,-456.5472,-439.16998,-402.43335,-381.65527,-342.7614,-337.29895,-343.02396,-354.7736,-385.38312,-404.4718,-348.51447,-329.8146,-359.7644,-387.63098,-405.84088,-407.54,-433.20618,-448.80847,-463.77176,-412.316,-343.4345,-326.06897,-332.07837,-358.86633,-380.36432,-422.53522,-449.72098,-452.28464,-451.844,-447.30835,-445.96518
-409.01526,-430.52454,-474.57788,-482.951,-481.48444,-466.99612,-439.22495,-419.5197,-401.77795,-383.18857,-374.97836,-368.8703,-364.8106,-359.4179,-355.1695,-358.80167,-362.419,-362.1443,-366.0372,-369.0259,-380.99503,-389.37787,-397.90424,-409.6375,-423.25995,-433.10306,-445.8379,-463.63693,-472.5805,-478.40115,-485.75058,-478.38953,-442.91928,-380.98682,-343.7083,-331.86575,-328.427,-328.70425,-343.46655,-373.91483,-403.07217,-420.3792,-421.88907,-426.1648
-410.50128,-411.55713,-414.5835,-401.90726,-399.67484,-412.59705,-407.0406,-405.37994,-423.14014,-413.57202,-404.16315,-383.51868,-365.7175,-374.73715,-393.66388,-398.1813,-367.65677,-349.95438,-320.71698,-295.86136,-307.5714,-319.17896,-337.49103,-380.8571,-451.14517,-472.89536,-444.3333,-410.62045,-407.4117,-418.44772,-439.06552,-470.88474,-483.7006,-489.41623,-482.53787,-454.05292,-414.13022,-386.731,-366.94647,-354.4196,-345.71393,-343.06006,-344.78418,-347.64597
-401.68774,-397.12643,-401.37234,-407.7868,-415.02292,-426.52585,-438.78772,-450.74487,-457.5738,-463.17996,-472.67346,-484.58252,-493.3122,-499.77005,-497.37,-495.86203,-495.1729,-494.249,-495.84695,-491.7906,-474.97998,-427.3296,-420.8239,-377.58,-299.68204,-277.97333,-294.18292,-291.3066,-228.96327,-213.29303,-254.70152,-310.94922,-372.82187,-352.802,-307.7062,-278.81586,-273.4293,-281.5809,-295.65652,-329.2448,-315.12027,-277.54218,-286.008,-289.23294
-398.06183,-398.00616,-413.23914,-412.75143,-424.51642,-449.96832,-473.33954,-474.4865,-462.66336,-446.13565,-425.05515,-403.24698,-395.3095,-397.5304,-383.90045,-373.7726,-370.49982,-364.5487,-352.8864,-339.80817,-317.61652,-321.72342,-336.85757,-333.57568,-331.51154,-319.9842,-314.97552,-324.14902,-334.56595,-354.99487,-369.32147,-389.457,-414.80167,-438.52127,-463.8005,-484.3283,-491.0257,-491.2689,-495.60822,-483.40787,-403.10748,-379.51538,-411.85464,-445.7091
-365.322,-384.53168,-426.46695,-453.6045,-474.9385,-486.87082,-485.21335,-352.1543,-295.02377,-330.4323,-443.16718,-460.74722,-428.8487,-357.94604,-353.37875,-407.4657,-405.76434,-405.12573,-413.63376,-427.70258,-428.36462,-391.79468,-350.78848,-311.47327,-252.72423,-236.13002,-258.34018,-258.43015,-244.20255,-229.54665,-227.67354,-252.14925,-287.3037,-352.00577,-406.7151,-407.15866,-394.87512,-381.02014,-377.30023,-359.40942,-340.4699,-338.2099,-327.74808,-324.40964
-254.32948,-248.66167,-278.92883,-323.34775,-294.07,-242.15388,-244.2323,-256.41998,-304.27945,-331.63483,-299.1471,-303.5878,-319.61774,-329.16635,-324.65906,-331.0903,-354.96506,-395.41312,-422.6919,-427.70413,-410.46317,-395.06268,-389.36383,-394.5654,-387.6881,-375.0073,-371.5629,-352.38828,-339.29092,-355.71704,-369.13458,-362.18765,-364.21185,-397.0837,-441.2812,-455.85132,-378.16553,-321.1345,-318.22864,-309.6688,-298.18692,-314.52524,-341.5297,-355.6513
-343.58414,-374.1996,-441.4356,-421.52704,-396.59756,-366.03687,-364.76117,-386.9504,-390.02017,-402.20383,-421.6486,-420.4749,-361.7036,-319.1761,-304.28308,-300.59946,-316.40567,-343.50317,-361.8529,-343.0671,-323.02213,-309.44284,-308.50122,-304.84903,-316.11627,-334.51443,-341.52997,-344.5785,-343.6649,-316.60342,-286.07135,-297.61005,-333.90582,-331.7194,-321.40298,-335.02902,-379.87198,-449.5523,-398.74982,-338.28345,-341.71408,-342.15048,-331.57922,-322.00513
-387.5457,-399.0234,-414.70163,-424.03436,-450.91116,-476.312,-473.78937,-468.6816,-475.41736,-478.12296,-469.87228,-468.74057,-467.74854,-470.94415,-480.7602,-490.20462,-490.70245,-488.68088,-501.25748,-508.32828,-508.8259,-504.5898,-498.60333,-502.02396,-496.17325,-492.9046,-493.8014,-496.23724,-498.1746,-499.14746,-497.70184,-493.65555,-497.08682,-499.73428,-498.2906,-496.55438,-495.822,-495.6922,-497.18143,-494.50458,-500.01004,-497.82,-496.55347,-502.29794
-415.74677,-397.6166,-373.21335,-373.23044,-374.1393,-389.5961,-391.71246,-358.3692,-311.16614,-297.20532,-333.40506,-374.65756,-371.26477,-384.33893,-411.0844,-400.3096,-354.69708,-315.29678,-308.4731,-348.54797,-403.14774,-377.3317,-377.47556,-408.25195,-381.8969,-341.52264,-332.033,-346.96335,-356.6951,-360.5979,-377.4369,-396.21674,-379.3405,-365.82944,-364.72302,-370.6246,-373.47513,-411.9459,-465.6092,-460.20135,-407.03275,-396.38745,-396.96445,-399.32773
-488.18143,-487.11948,-492.3508,-493.5186,-481.47516,-436.3918,-386.2602,-356.36444,-336.676,-322.7807,-309.6859,-309.9891,-316.72992,-319.5196,-339.36218,-356.0902,-393.01376,-425.86075,-390.09143,-342.24017,-331.39215,-325.73917,-323.27875,-353.95602,-406.4962,-425.2687,-434.87057,-431.75558,-410.25912,-383.5979,-343.93857,-335.24002,-355.05374,-376.1153,-394.4566,-398.45364,-405.89645,-363.1115,-320.1373,-317.93982,-361.33524,-357.62552,-305.44366,-314.79074
-329.67712,-339.5142,-366.38385,-408.71436,-398.59604,-371.45932,-377.11566,-389.19397,-387.61307,-395.53604,-414.26288,-383.73325,-353.4431,-341.7855,-333.0084,-329.4421,-327.34003,-318.36868,-309.76968,-327.13828,-330.35223,-318.4489,-321.36554,-348.6038,-356.60037,-371.9351,-394.87192,-419.34616,-408.95834,-382.9227,-377.8607,-400.39212,-429.6488,-419.17233,-363.8678,-324.72177,-336.6907,-345.8377,-324.50406,-305.54535,-280.1208,-288.2984,-335.0619,-416.3653
-488.79584,-490.20056,-494.6432,-491.52527,-492.61932,-492.39145,-487.90198,-489.05893,-491.605,-496.043,-491.94528,-491.0444,-489.76587,-485.44186,-484.45273,-486.00488,-489.0535,-487.09583,-486.10992,-488.89355,-473.1346,-433.09244,-401.4168,-370.97028,-340.85593,-321.70688,-335.4915,-351.9464,-351.70895,-362.36844,-398.6916,-422.11813,-439.78265,-447.6396,-450.36526,-450.77646,-396.99142,-346.3485,-355.309,-362.02582,-353.59546,-359.8528,-354.94882,-348.17096
-475.7158,-477.34152,-463.0369,-400.03952,-341.63797,-323.05447,-329.35663,-306.4945,-292.93155,-278.9549,-291.47266,-308.18747,-325.25082,-349.3144,-350.28357,-357.77545,-400.46786,-407.17892,-384.0715,-392.8516,-416.95795,-354.98233,-315.04382,-315.8795,-319.58774,-321.7616,-355.31622,-390.3187,-417.3191,-394.72137,-360.53033,-346.4156,-353.56665,-385.18744,-402.9963,-382.02567,-364.63266,-370.28192,-412.55173,-423.6903,-393.13263,-387.73395,-403.92126,-424.75046
-263.55576,-286.9039,-336.98312,-320.82468,-337.8184,-355.827,-345.94778,-316.71643,-312.55692,-322.73685,-333.83017,-369.84967,-380.5405,-321.5787,-300.75925,-288.8603,-299.18216,-340.11752,-346.04056,-274.45584,-239.991,-246.86615,-256.95544,-275.22733,-312.2969,-362.11075,-398.70694,-378.50467,-341.63132,-342.44363,-364.36908,-400.2559,-438.71738,-466.21512,-483.5458,-449.6592,-418.82123,-430.82285,-427.04666,-411.61478,-396.73712,-394.926,-392.74542,-392.53015
-447.82285,-460.3367,-486.6679,-484.84763,-469.90625,-453.37704,-431.51343,-413.71347,-405.3962,-401.52414,-405.27704,-402.79865,-407.13208,-412.59756,-414.11908,-420.29776,-443.39517,-460.19348,-469.42075,-475.01968,-484.7793,-490.26352,-493.06152,-482.67123,-414.38943,-372.84225,-313.15442,-274.20743,-267.5023,-231.70682,-205.54906,-218.2889,-231.84233,-278.9543,-356.22656,-338.53802,-321.39603,-350.73718,-383.30832,-400.51788,-402.34,-388.295,-389.48575,-405.51822
-461.59415,-450.3024,-441.16815,-443.25327,-415.88336,-326.1384,-271.87717,-260.35046,-284.26895,-321.641,-344.86575,-360.48325,-366.30978,-362.05023,-360.6305,-371.83105,-383.37988,-364.91766,-303.76877,-268.7216,-262.47845,-283.8215,-317.8993,-352.4854,-404.22476,-441.3121,-456.97974,-458.88666,-453.8174,-450.2599,-450.2115,-441.48746,-438.89984,-439.78604,-419.1187,-336.51263,-309.1644,-322.72232,-335.99875,-346.1412,-354.1076,-358.64426,-367.41016,-380.0851
-348.12384,-343.2137,-342.90662,-348.70285,-355.47644,-357.64728,-366.70926,-376.1228,-385.84344,-400.65152,-417.63022,-427.5787,-440.02264,-458.32846,-475.88977,-482.41324,-486.19202,-490.6674,-487.97012,-452.42487,-384.72546,-345.71207,-333.2864,-340.04114,-342.6127,-344.8157,-346.65213,-343.1778,-347.4692,-364.1588,-388.59436,-416.63065,-434.64246,-440.3526,-443.67245,-442.87302,-451.66687,-461.06503,-469.4059,-482.85306,-487.62802,-494.53815,-496.14493,-498.79977
-443.45416,-425.86353,-422.7031,-429.46375,-440.9561,-439.74228,-412.23654,-409.44705,-436.69467,-462.40787,-466.7765,-458.3909,-446.191,-453.54358,-468.8757,-478.27426,-479.53415,-460.39233,-390.71335,-370.45294,-361.7558,-357.7093,-359.86533,-354.79617,-382.13727,-413.19824,-415.60324,-383.4842,-337.26532,-344.9097,-375.97473,-366.7186,-382.97012,-387.77252,-343.26688,-339.54138,-372.23965,-434.5204,-468.70358,-478.31897,-482.22098,-486.29153,-485.2917,-494.27527
-496.92917,-495.71817,-496.92218,-490.68246,-489.51245,-490.62878,-493.4636,-484.673,-462.61432,-473.70905,-483.97504,-483.82632,-484.19498,-486.30145,-486.17484,-488.37564,-491.5566,-490.21497,-491.82318,-488.3084,-469.89566,-452.28714,-404.56107,-298.4386,-280.00198,-311.93167,-323.18002,-326.82248,-326.55872,-335.95734,-346.8882,-355.803,-360.16806,-362.84088,-372.06702,-391.35068,-412.17056,-427.90927,-434.07993,-452.02603,-473.80154,-497.566,-502.0239,-508.19583
-499.8816,-464.01163,-409.72354,-381.2028,-385.09982,-389.3062,-408.75082,-430.42224,-447.6962,-425.49533,-379.0898,-366.661,-366.9993,-384.00424,-416.08658,-434.51123,-421.99197,-418.4324,-418.80505,-410.10422,-405.30777,-411.03546,-403.8335,-404.27197,-440.6923,-465.93683,-478.5258,-485.16095,-487.59406,-492.73007,-497.07507,-495.1287,-499.59338,-502.4524,-464.02,-411.80917,-391.10864,-390.9458,-392.59714,-392.02805,-379.7721,-375.54144,-375.5066,-376.53418
-367.5449,-367.33585,-379.11835,-385.13004,-393.12265,-417.98883,-441.35568,-470.97205,-489.1012,-489.94302,-495.22418,-495.122,-500.69653,-498.17804,-494.54376,-490.02643,-460.4726,-446.67184,-384.7936,-343.173,-344.90625,-374.85403,-416.11356,-440.06076,-432.5414,-422.61627,-420.61624,-394.77948,-340.1207,-302.11377,-319.71042,-299.14258,-281.66324,-326.29572,-377.93054,-416.9915,-387.1312,-375.60675,-376.41672,-377.35098,-360.38492,-371.00232,-378.97678,-382.46268
-498.03955,-495.32544,-493.4077,-479.86008,-443.71777,-429.47113,-399.9349,-360.9344,-383.12473,-405.17355,-407.92276,-406.42126,-406.2411,-395.00708,-408.0295,-408.67017,-363.91907,-352.87387,-358.94913,-365.44852,-358.05814,-351.17636,-360.54648,-394.98926,-397.34082,-352.27136,-296.44788,-274.90955,-313.2099,-345.0445,-312.35806,-308.1306,-335.38327,-348.28845,-358.41245,-379.03336,-385.49283,-394.26642,-426.3019,-433.2859,-391.43976,-371.79385,-368.4082,-368.6112
-480.0348,-475.51968,-470.5307,-458.552,-438.9883,-392.3969,-331.14856,-309.04633,-328.12964,-343.05334,-341.92477,-353.63837,-365.5348,-373.44257,-385.0988,-409.41403,-442.5909,-452.3701,-449.9042,-451.81265,-453.74252,-452.62024,-454.07782,-464.60187,-477.96713,-483.69382,-489.22147,-491.86862,-486.51407,-483.11282,-483.74695,-483.77838,-485.99393,-485.09167,-484.0316,-479.24194,-474.6898,-399.8366,-382.17508,-424.84903,-444.0837,-333.5319,-298.75992,-340.26642
-380.94833,-378.05603,-382.03394,-391.79996,-397.3578,-407.46317,-417.4692,-425.17953,-433.9103,-440.3527,-447.67316,-454.71384,-464.39432,-468.89233,-474.01184,-471.77835,-469.84363,-471.94543,-475.76395,-472.22708,-473.96555,-475.86826,-477.965,-486.04657,-490.25443,-491.60892,-492.48544,-487.66104,-491.7844,-487.61227,-406.7289,-330.223,-292.73962,-289.21658,-300.46344,-301.2887,-309.05527,-309.5837,-314.25165,-321.95596,-327.93488,-331.03076,-299.02957,-282.79727
-452.54022,-454.17648,-454.20596,-449.36105,-440.06235,-444.5486,-452.5832,-413.6931,-364.66827,-353.51868,-383.7443,-433.07407,-467.04074,-478.23352,-472.73557,-473.6855,-476.78867,-485.8389,-493.62122,-492.66016,-497.26437,-496.18796,-495.76447,-495.8424,-494.6564,-490.51572,-438.32144,-355.96298,-316.4425,-317.59854,-343.94284,-372.49615,-393.59677,-405.58936,-392.43475,-373.8562,-363.55447,-356.54388,-330.62442,-289.71164,-268.0796,-274.6756,-305.41223,-335.6083
-337.84204,-318.81125,-332.51358,-376.8933,-442.4143,-401.36362,-317.07516,-314.5433,-342.9626,-360.43317,-368.55515,-323.82303,-310.9672,-336.8319,-356.2842,-372.61453,-384.68057,-399.1604,-407.21988,-412.20303,-409.9251,-416.87448,-429.59305,-447.05774,-466.7346,-476.64996,-483.0879,-484.67426,-483.48694,-450.29062,-394.37274,-358.20163,-350.53168,-351.0139,-367.2761,-363.00046,-367.33722,-386.29,-403.8202,-422.75742,-423.3944,-400.52753,-395.59085,-410.75174
-328.6851,-315.78046,-312.5857,-324.6816,-342.09543,-335.0407,-361.25546,-416.00818,-399.85956,-396.3446,-423.64822,-440.66373,-449.33994,-462.65118,-462.17102,-447.57382,-436.59802,-452.7856,-477.76202,-487.64514,-489.49808,-486.34976,-464.03464,-436.2853,-423.0107,-422.8179,-391.30225,-374.3783,-378.0921,-382.43445,-392.3065,-416.265,-415.8165,-393.62366,-359.5541,-333.74045,-320.19586,-307.3987,-307.8751,-323.80466,-355.72888,-349.26337,-347.5165,-358.29367
-434.752,-437.00204,-436.3507,-436.22217,-430.5929,-435.70923,-452.51462,-450.64996,-445.69687,-443.02182,-448.4924,-465.69632,-470.4367,-468.12436,-466.2394,-464.5473,-461.44333,-458.4139,-463.321,-458.68304,-452.0249,-448.90054,-454.11594,-463.5564,-473.9571,-481.99338,-472.95734,-457.65533,-457.95413,-473.43637,-487.02505,-489.42007,-484.82718,-477.6085,-479.23813,-478.13666,-469.4283,-467.0852,-469.66278,-475.28482,-433.51376,-381.97433,-349.29147,-346.9172
-402.92148,-404.60843,-346.49973,-296.9132,-300.3434,-321.29337,-322.2037,-316.93744,-351.9885,-405.88818,-400.0969,-382.8106,-364.5765,-350.77066,-358.3341,-368.6245,-382.48892,-392.50797,-397.7163,-419.0602,-450.5273,-452.60138,-446.71133,-434.37796,-426.5451,-418.47903,-412.08908,-415.4022,-420.69012,-420.9277,-429.9871,-443.6249,-463.55557,-453.74606,-399.24594,-336.2465,-343.51392,-401.70328,-417.30997,-409.2148,-418.1202,-431.18692,-422.1327,-421.12274
-374.92627,-355.9728,-353.98315,-340.4497,-324.62762,-314.43225,-314.49942,-325.42435,-340.92685,-362.79877,-400.95276,-402.51242,-396.7871,-401.2914,-412.4327,-426.0812,-429.26227,-435.00665,-439.8374,-441.36942,-449.8012,-465.27496,-485.32422,-490.83542,-492.6395,-494.42093,-496.9716,-500.66327,-496.2555,-486.4496,-489.11636,-490.363,-483.06277,-486.27615,-491.38898,-487.2128,-482.84662,-486.9395,-452.75604,-386.86423,-382.5187,-347.40045,-282.61127,-262.4149
-305.33636,-286.577,-279.8062,-293.9834,-323.6349,-317.9415,-323.5949,-375.18945,-400.13007,-356.0463,-355.24954,-358.72372,-372.40445,-390.76846,-393.30588,-403.89413,-428.51907,-400.94067,-338.09708,-304.1238,-283.19107,-267.2811,-255.57274,-250.3511,-251.29611,-247.58582,-250.11485,-268.40234,-324.16037,-409.20367,-374.35873,-313.67487,-274.47308,-257.15945,-250.68858,-260.42593,-262.58694,-274.46097,-292.24274,-321.90363,-339.3651,-347.1366,-357.9661,-370.53763
-364.94815,-350.98795,-358.83807,-396.90652,-437.5836,-472.5569,-485.79037,-490.01083,-494.01437,-497.16415,-497.03024,-496.2215,-496.74414,-456.4147,-400.47354,-428.8086,-481.4176,-480.08466,-483.9028,-482.15002,-485.29242,-495.5032,-425.80206,-364.3969,-356.6723,-354.4906,-377.3188,-373.27716,-386.98938,-386.66003,-352.24753,-340.20636,-389.9933,-356.35355,-324.42188,-326.10666,-309.6854,-315.5539,-354.40704,-392.45984,-394.91632,-409.2819,-370.88657,-366.024
-330.3641,-337.01212,-328.6861,-322.9904,-333.77924,-337.4088,-362.32782,-418.1501,-374.8871,-321.5171,-300.59433,-328.6654,-361.09137,-372.35434,-384.4481,-380.50406,-370.95908,-366.69516,-371.60626,-384.19373,-393.62558,-413.88733,-434.09857,-427.8247,-423.77393,-420.11896,-421.78564,-421.01605,-413.56332,-423.54788,-462.3337,-484.85895,-472.4903,-465.0366,-475.4233,-477.3044,-470.88416,-467.17288,-470.40933,-474.71384,-477.41473,-484.8843,-487.0032,-489.30917
-493.96017,-490.3674,-486.17,-484.1059,-483.20105,-489.853,-495.4895,-493.50482,-485.14688,-486.3258,-488.75647,-487.15402,-487.41486,-486.4005,-485.79373,-490.2395,-487.3116,-415.72052,-347.45963,-294.66278,-255.74861,-231.56102,-246.11919,-276.7711,-328.98,-402.46124,-348.15814,-287.94357,-264.5377,-267.25842,-277.57355,-299.10397,-312.9794,-309.12665,-322.5691,-356.84845,-389.03284,-392.6628,-365.05685,-352.17355,-354.12753,-337.40344,-313.4338,-309.4088
-422.26053,-418.52316,-398.63776,-377.2082,-373.8769,-382.60284,-405.77914,-431.22153,-454.40887,-460.5132,-436.38025,-379.80222,-368.43103,-387.2984,-417.75415,-451.41202,-437.25464,-398.76483,-403.439,-416.5342,-414.0281,-416.24765,-421.7776,-421.98962,-420.0436,-430.04953,-449.4432,-460.96188,-465.3877,-464.22232,-466.12582,-468.36096,-434.34326,-393.02145,-367.49042,-360.42807,-402.1836,-423.28247,-362.7301,-340.04907,-358.585,-383.89532,-419.53674,-452.25674
-505.84387,-500.16263,-499.56958,-497.52155,-489.73032,-488.01907,-494.1642,-486.10907,-482.45078,-482.44052,-487.9779,-489.1166,-438.6893,-308.01315,-257.88696,-261.02634,-291.4181,-329.14505,-359.44037,-371.80585,-368.26962,-346.07864,-312.22675,-298.91614,-315.8939,-317.71872,-322.1148,-353.52408,-409.38074,-456.58322,-478.24475,-484.50192,-486.5115,-478.73312,-471.63498,-454.88757,-428.8953,-398.52484,-368.46127,-368.8774,-383.85437,-411.70886,-435.24554,-447.19394
-503.8626,-498.28445,-498.85147,-495.1207,-473.27765,-449.9937,-436.34244,-434.85538,-439.4009,-439.68204,-438.403,-439.88864,-441.71954,-433.2754,-420.62274,-416.84662,-413.06998,-414.6375,-419.7916,-426.10297,-430.4678,-433.18152,-444.5146,-457.55875,-464.52258,-473.52438,-477.84293,-484.15805,-488.34027,-487.3711,-491.69748,-489.8466,-491.40668,-495.12463,-493.1835,-492.9773,-499.5497,-499.81006,-499.15247,-499.99768,-496.77832,-499.7,-495.22678,-496.71222
-334.5484,-331.97592,-342.86536,-338.92493,-331.05368,-332.7007,-341.89114,-347.8007,-354.71384,-362.3745,-366.03574,-375.47784,-396.1876,-412.49097,-420.90466,-416.52594,-417.8124,-414.89627,-406.49796,-408.20035,-410.363,-405.00623,-410.16306,-424.36206,-435.72192,-437.98587,-448.4206,-446.19913,-401.20618,-336.97202,-303.67755,-287.28735,-273.00854,-271.03406,-284.59836,-310.16666,-351.2964,-357.9233,-338.3196,-330.77167,-328.00763,-321.10883,-313.58197,-313.8684
-493.74338,-479.57532,-468.60898,-465.58075,-433.24716,-334.70004,-324.47217,-401.892,-471.76193,-444.59872,-441.0314,-484.51544,-494.95087,-493.52454,-493.51312,-498.07343,-498.4721,-496.02444,-499.6231,-502.23468,-491.95682,-396.94696,-328.95,-321.0566,-323.99112,-327.97665,-348.70358,-413.31503,-399.04718,-334.10165,-289.67596,-273.65564,-286.4759,-336.10397,-362.75085,-381.74857,-388.7941,-376.38956,-325.0912,-292.66565,-293.71555,-304.01535,-308.78632,-330.62183
-344.2899,-335.44855,-329.49228,-327.11423,-338.68253,-353.50232,-369.0692,-381.40805,-392.29105,-399.2195,-406.94116,-417.97006,-428.71313,-440.81738,-451.5061,-463.20465,-471.37985,-477.58224,-482.99234,-486.378,-487.78644,-477.50064,-462.8775,-426.52145,-370.15182,-328.6095,-310.0869,-300.9346,-301.88678,-316.7803,-335.16275,-351.01053,-379.6508,-395.79166,-404.22644,-415.1286,-429.40967,-444.1506,-455.914,-462.22607,-473.98267,-473.17657,-474.11703,-478.92435
-503.42343,-495.65186,-496.1637,-494.42102,-492.35516,-489.832,-492.44687,-490.33893,-489.37933,-492.19757,-491.1237,-496.45428,-496.9283,-492.62454,-451.53775,-383.90295,-346.59225,-308.381,-290.2098,-276.14236,-247.86444,-226.73372,-227.09543,-242.44164,-242.36015,-234.18993,-252.77696,-276.13828,-287.55978,-323.75827,-289.4494,-246.70326,-245.24445,-258.0683,-288.70895,-315.45828,-303.76465,-286.7002,-271.32364,-268.93594,-278.86368,-263.8638,-254.22118,-267.69113
-259.54456,-284.00174,-347.93057,-393.38257,-425.0802,-321.4341,-253.0205,-226.47783,-258.72232,-309.4975,-371.90768,-402.27966,-394.20328,-386.9828,-416.75812,-441.22546,-430.70407,-407.63528,-404.94412,-434.22708,-388.7203,-362.872,-376.41776,-381.01,-370.73062,-324.6808,-306.49252,-309.1363,-319.49304,-334.8205,-328.0555,-314.01877,-310.62134,-337.36365,-373.03317,-393.30026,-413.40698,-402.0793,-384.66177,-362.65863,-342.82123,-348.07837,-358.75458,-364.0069
-281.90875,-257.02722,-278.92993,-305.8003,-306.36722,-299.6608,-295.34402,-311.4957,-304.304,-309.19345,-332.96313,-343.0814,-297.1507,-268.3199,-270.7614,-264.26306,-266.3749,-282.674,-296.5948,-291.7277,-300.70294,-312.7775,-317.7856,-315.07675,-293.0934,-277.87064,-324.25424,-353.78757,-281.00833,-225.34775,-198.32115,-203.74632,-223.16962,-225.22473,-227.03647,-255.76799,-299.29532,-356.1693,-322.03156,-279.43884,-265.9134,-269.28152,-255.32715,-255.105
-288.2937,-309.1057,-353.713,-363.3512,-378.74817,-394.3647,-409.84225,-407.26648,-408.53595,-433.91556,-437.0476,-447.26135,-473.34442,-479.98773,-479.30548,-477.23047,-472.31345,-474.9415,-482.28937,-484.8093,-488.92963,-474.32123,-397.2488,-372.68628,-415.48764,-343.07547,-286.37173,-291.14578,-309.13092,-319.65015,-328.58218,-320.15784,-310.44653,-308.1855,-324.97757,-351.2669,-384.49103,-390.8283,-372.73038,-362.23477,-369.22366,-382.8625,-405.83725,-418.32117
-298.82883,-310.14163,-342.36566,-378.52258,-399.12646,-408.7922,-410.05292,-420.77368,-434.32303,-436.4886,-430.6184,-431.9493,-438.36395,-447.35837,-456.17734,-466.82434,-473.18777,-477.13626,-479.21762,-479.23746,-479.3085,-473.1941,-454.22202,-424.94147,-409.91708,-438.46335,-461.95462,-461.24896,-402.49188,-347.2344,-340.24478,-315.00967,-279.7238,-256.70023,-234.70168,-227.99635,-225.05096,-239.89545,-263.13037,-284.10635,-328.7539,-380.31226,-310.33868,-266.8916
-358.30582,-373.06653,-390.87494,-403.55762,-430.06583,-454.6165,-461.89246,-464.5426,-467.2415,-472.29178,-473.7603,-473.97064,-473.58035,-469.52744,-458.35837,-449.14755,-453.04993,-458.4981,-459.33533,-463.4569,-471.8942,-472.62064,-473.9339,-475.63028,-476.90027,-479.0723,-475.2547,-469.72147,-472.63705,-463.45178,-421.8383,-404.90994,-372.45877,-313.96933,-279.4625,-276.25052,-319.84177,-368.99216,-351.56494,-368.624,-415.47794,-456.5354,-442.74222,-421.85635
-356.45386,-349.03284,-353.64496,-386.2603,-447.10376,-471.90582,-416.27423,-358.2259,-324.96786,-310.65616,-307.8999,-308.48642,-307.54324,-312.8979,-329.37567,-359.0063,-389.16302,-429.7281,-470.0513,-482.05377,-418.28357,-376.76456,-386.54102,-424.0651,-427.18295,-373.41888,-344.48666,-331.38412,-330.89282,-340.97083,-377.7327,-429.9601,-455.35733,-465.05096,-474.1378,-484.4668,-494.34225,-496.60385,-494.96832,-494.5023,-479.54877,-447.70917,-412.43436,-399.86603
-362.2004,-348.87918,-348.87042,-359.51987,-375.80826,-381.42325,-372.33383,-371.90704,-375.56903,-373.43283,-384.18384,-301.14325,-267.03473,-281.47934,-307.18143,-326.31482,-374.19928,-426.2944,-431.3707,-412.71622,-377.496,-355.31488,-344.24744,-351.1317,-368.02206,-388.30554,-403.6329,-402.44742,-407.94928,-428.61624,-446.6562,-419.61078,-400.8101,-390.5661,-378.2114,-375.68268,-387.7476,-409.3688,-436.05026,-464.9977,-475.24036,-465.5537,-447.66077,-443.44406
-411.34735,-414.06003,-402.61066,-382.6442,-371.63126,-359.33896,-343.20853,-342.39883,-382.41974,-419.08185,-423.02,-429.03116,-436.62073,-446.68704,-448.6134,-380.50552,-338.8019,-343.17682,-413.13602,-444.12732,-404.56918,-395.5005,-392.59445,-384.81024,-389.38248,-397.11252,-405.86362,-429.07166,-396.81793,-366.8017,-378.24896,-419.47876,-442.27734,-451.22794,-449.7437,-459.75665,-460.9353,-453.8023,-458.19254,-467.91962,-479.80646,-494.5149,-500.80685,-501.36816
-417.89206,-364.29715,-303.31924,-280.83908,-298.2441,-334.39444,-334.74316,-350.08545,-398.76608,-438.1508,-430.07465,-415.13235,-397.9396,-377.68607,-339.85547,-344.95206,-360.75055,-321.32037,-320.65765,-355.39438,-320.63318,-298.73953,-306.6098,-320.23056,-330.78915,-351.30923,-380.38248,-396.4074,-414.37592,-425.26807,-429.5311,-430.66196,-427.94574,-416.22495,-399.70987,-398.7339,-398.92862,-371.5487,-334.00604,-313.99637,-295.27325,-282.98914,-291.1181,-308.26123
-242.08536,-276.44678,-378.70944,-416.8706,-350.50504,-332.11032,-393.1222,-430.70285,-385.76907,-347.67682,-332.20618,-334.73,-352.54196,-376.766,-410.90875,-439.22345,-444.90765,-440.51785,-435.53998,-440.727,-455.42215,-408.57736,-347.09586,-330.16193,-334.53156,-358.79794,-381.16257,-397.34482,-398.9634,-417.56976,-436.64206,-421.7661,-408.3431,-408.40674,-405.7441,-433.48822,-475.40396,-473.0078,-459.20032,-423.4296,-402.49222,-392.1506,-389.12228,-392.24887
-280.43347,-254.26332,-246.95764,-258.51166,-271.72324,-277.33044,-282.0766,-283.09573,-274.4088,-288.37183,-330.68002,-386.71408,-411.82443,-424.563,-419.66162,-419.49408,-423.991,-430.29782,-441.6423,-447.92615,-459.61508,-468.6823,-468.16,-471.46887,-476.73593,-482.48264,-485.21585,-487.89893,-492.35132,-493.25314,-493.64856,-483.41333,-474.58835,-472.72693,-385.4482,-342.49078,-353.08905,-377.66376,-403.64136,-420.9147,-444.25302,-457.83542,-472.5936,-484.2934
-375.52222,-370.73352,-388.38806,-406.77267,-404.60748,-404.2857,-411.7566,-428.08713,-408.55295,-392.38452,-404.55182,-431.15167,-456.11847,-467.85983,-411.88235,-341.6696,-294.30566,-273.0052,-272.89035,-269.81573,-253.97673,-239.91399,-239.44162,-252.22743,-258.15775,-269.15927,-296.8754,-322.1006,-338.5146,-355.95062,-372.38614,-382.74557,-393.94797,-408.08328,-423.24173,-436.79114,-445.27637,-445.68253,-448.09927,-462.81717,-484.41858,-459.78357,-380.44394,-345.70233
-442.3281,-450.39227,-466.19742,-476.03064,-472.76764,-463.38947,-443.0104,-428.02557,-421.22916,-411.25378,-396.6446,-381.78107,-371.2528,-361.31396,-352.08014,-347.21417,-351.21808,-353.9767,-353.2334,-349.00323,-358.94843,-370.0777,-375.8366,-390.22513,-427.89136,-464.9615,-443.24722,-356.79272,-291.5187,-257.60226,-266.04257,-276.51785,-271.94897,-267.19104,-281.40555,-306.51874,-322.3735,-314.44012,-314.60855,-316.87823,-335.19226,-350.91614,-340.15427,-335.21704
-473.1793,-423.02448,-362.30978,-339.48798,-359.42773,-333.46896,-300.5307,-276.4024,-247.75674,-256.50775,-275.65405,-280.21667,-299.67755,-359.15063,-415.32938,-429.56735,-451.9688,-379.84573,-332.62338,-333.54712,-359.339,-425.5696,-389.1669,-307.31427,-296.6915,-305.8814,-318.14142,-365.39194,-353.292,-307.78592,-337.4809,-370.4895,-388.53204,-400.90976,-401.02786,-402.74524,-401.43536,-398.37192,-399.1108,-401.0924,-396.29147,-391.42545,-373.36844,-365.4438
-342.9697,-370.53378,-414.77292,-433.31705,-400.17212,-354.4144,-350.40283,-364.58777,-398.47705,-442.03253,-427.21582,-417.07455,-402.05753,-406.14523,-431.81445,-425.29437,-412.43195,-409.31763,-415.4064,-429.62985,-439.73254,-437.32538,-438.32043,-440.66074,-454.8555,-476.89993,-488.11273,-491.74734,-492.25015,-495.29617,-476.75116,-447.87665,-442.85938,-446.8168,-454.19168,-463.59515,-476.71014,-477.1503,-432.00183,-335.87256,-290.0181,-281.0398,-275.0887,-274.3471
-428.7686,-435.605,-458.65912,-468.7086,-459.46283,-456.28995,-434.5535,-406.48376,-399.24817,-394.87402,-357.93484,-287.12238,-279.03622,-353.4245,-390.70074,-318.68607,-313.50766,-369.12595,-408.1583,-382.27347,-347.0496,-338.01886,-329.9777,-317.94565,-320.329,-340.3196,-382.31036,-353.15002,-329.52692,-317.71338,-307.44647,-361.18213,-429.8602,-459.94327,-472.30582,-467.79272,-389.6873,-348.83377,-351.99313,-363.38858,-365.60666,-375.44928,-383.49002,-394.227
-356.04654,-332.28787,-288.20135,-282.58566,-321.2539,-371.38577,-361.9705,-345.62784,-335.60297,-334.39236,-336.09866,-349.03018,-363.8752,-392.526,-396.10513,-392.3165,-379.77988,-386.37106,-414.2683,-387.03253,-361.81036,-371.9899,-376.6997,-375.5137,-377.6999,-378.97244,-373.2424,-381.58752,-416.94302,-455.47794,-477.51035,-482.88245,-484.5933,-486.80597,-493.25754,-497.7834,-496.02225,-493.82303,-496.76236,-495.34125,-497.21298,-496.76114,-494.3078,-501.94452
-449.21292,-405.55112,-321.75394,-299.11786,-294.9764,-278.97562,-290.87982,-290.80325,-267.74048,-281.7939,-308.17996,-301.71246,-299.5232,-318.4637,-333.08066,-318.56143,-311.4022,-312.37592,-318.42334,-325.7619,-345.94296,-374.51697,-364.2066,-346.07416,-341.0321,-350.003,-355.585,-390.54047,-431.74225,-437.92886,-447.10156,-460.76547,-463.32892,-462.22943,-457.83023,-454.18982,-420.47397,-388.19867,-370.51645,-325.43704,-271.43665,-251.69583,-246.34077,-274.6336
-265.1633,-239.71425,-224.29216,-236.56442,-265.87534,-310.94302,-385.83636,-404.16992,-357.5243,-343.6117,-368.06696,-361.15717,-347.20377,-357.45282,-385.79916,-395.35254,-408.2215,-411.0138,-391.31967,-417.04636,-471.6983,-481.57166,-484.55536,-478.55228,-485.25146,-480.94748,-481.736,-484.21527,-480.48996
-412.06122,-400.3375,-404.02713,-419.9659,-437.47086,-447.1247,-457.17456,-472.03714,-485.21472,-490.80887,-492.8225,-494.56775,-500.0548,-498.80457,-492.92453,-499.30594,-498.93518,-406.58435,-348.5408,-351.44742,-348.86102,-357.90408,-388.9183,-410.2104,-393.9022,-391.13525,-415.96298,-414.90518,-403.8834,-426.131,-463.29053,-443.07928,-419.40796,-422.1002,-418.14972,-419.77145,-423.33887,-400.24292,-368.3031,-367.75565,-390.59738,-431.26868,-448.09265,-453.98444
-423.05954,-444.3569,-479.50934,-481.91397,-487.8838,-491.949,-491.40976,-489.35156,-490.08698,-489.0263,-488.7759,-486.16138,-378.21667,-335.08585,-347.7198,-362.66568,-382.13977,-381.98947,-359.78708,-319.33414,-301.99716,-336.0002,-403.95477,-363.65826,-362.5694,-373.37106,-388.99237,-419.59833,-440.02704,-438.9742,-438.20956,-447.5451,-431.4271,-391.64194,-354.3666,-349.16324,-386.4442,-423.54102,-421.59937,-406.8409,-389.2362,-375.03003,-367.355,-367.92737
-399.42746,-384.03027,-343.70157,-299.7006,-304.5852,-342.8999,-383.90442,-432.06363,-463.80862,-474.3424,-480.92236,-483.01984,-483.49768,-479.40146,-473.58606,-465.92267,-471.84747,-407.37268,-309.60992,-251.34929,-256.56802,-269.92285,-272.98343,-269.86722,-294.1272,-344.9626,-406.02472,-414.98483,-405.4512,-381.2399,-382.71368,-392.46964,-402.2356,-407.2627,-388.6086,-300.2897,-286.02954,-313.55698,-355.58212,-379.49997,-388.53644,-377.7082,-349.42184,-332.48346
-372.7062,-356.69705,-349.87827,-386.34756,-400.37167,-400.47754,-423.6158,-436.78232,-413.47818,-378.83807,-365.57486,-376.77124,-410.49387,-435.1545,-430.14725,-420.70554,-425.48398,-449.38153,-443.59045,-385.8191,-325.67703,-319.6429,-366.23953,-415.6308,-454.13556,-459.4693,-417.29425,-366.39377,-343.0066,-332.8557,-335.11133,-359.53564,-391.13837,-410.08347,-333.50806,-300.8728,-315.01825,-352.9685,-386.53958,-349.22833,-340.8808,-368.9515,-406.83667,-401.004
-299.06094,-308.26697,-330.3716,-336.78415,-353.44196,-387.34457,-414.39676,-428.43185,-431.05585,-430.34543,-439.42163,-448.8477,-454.79413,-464.0919,-477.56067,-479.57086,-480.959,-484.116,-485.80978,-487.73785,-494.99796,-496.8657,-493.36002,-496.09207,-500.99533,-499.81265,-496.18982,-494.93884,-493.0786,-494.97327,-490.0843,-484.43314,-476.80667,-473.37048,-472.3759,-474.90143,-476.61362,-483.50696,-488.90042,-492.914,-488.88312,-482.60767,-477.74884,-477.60797
-396.6361,-345.75223,-350.71353,-403.2246,-447.5475,-464.75034,-468.14075,-458.6295,-425.7721,-412.62692,-426.89203,-433.69287,-442.13007,-446.39502,-438.41794,-428.588,-426.6638,-436.65985,-448.92078,-451.74567,-457.5334,-461.82013,-462.3066,-461.0191,-458.65244,-456.4058,-457.9381,-460.32132,-459.5753,-450.17462,-449.39267,-451.8534,-434.01746,-416.64825,-403.69193,-393.0609,-400.2748,-410.054,-410.33194,-417.43753,-414.43527,-415.12598,-420.08652,-424.5868
-385.12305,-386.21478,-392.90628,-396.1039,-412.82486,-414.25998,-425.71686,-408.98984,-387.88763,-394.09058,-406.7798,-422.38513,-438.19296,-447.3046,-457.07227,-469.81253,-464.90665,-454.42908,-442.73273,-437.16504,-454.46097,-473.29962,-479.74832,-479.5975,-470.40012,-466.8388,-467.57175,-463.39285,-479.64148,-486.62808,-485.19345,-475.01364,-432.58047,-395.46603,-383.00397,-345.255,-307.0914,-299.501,-339.33658,-372.1495,-292.8583,-267.19275,-283.88068,-300.11758
-399.09418,-391.015,-390.09265,-392.77234,-387.96484,-389.60504,-391.1921,-398.80606,-411.28845,-423.7573,-439.5474,-452.84164,-473.1774,-484.4295,-487.27832,-488.1562,-487.28116,-470.0367,-399.40994,-354.44568,-336.0507,-329.44388,-327.31787,-334.8065,-345.48465,-357.19458,-373.568,-387.77753,-414.95425,-448.32913,-451.99866,-450.65207,-452.84613,-456.08783,-462.5898,-468.26834,-471.05212,-476.86108,-489.0913,-491.4456,-495.49527,-496.2098,-492.5961,-495.9359
-464.02777,-438.57062,-319.35345,-285.1575,-310.29376,-333.69937,-339.7584,-351.95908,-386.96268,-436.44775,-466.7295,-435.5447,-357.3672,-297.83942,-280.89377,-318.16238,-372.86313,-428.79523,-472.00162,-362.74844,-285.98044,-267.72458,-266.93777,-282.5763,-307.3346,-329.80643,-351.30124,-362.99014,-358.99863,-341.96997,-366.04004,-395.77402,-390.76385,-388.80246,-390.25345,-398.40985,-424.3409,-457.1019,-457.82312,-442.521,-450.9145,-467.85022,-476.17358,-486.8146
-410.66586,-400.6597,-402.9064,-420.01813,-436.85934,-455.99866,-465.59106,-460.76706,-456.74945,-464.5184,-469.37958,-478.5088,-487.797,-487.39856,-487.80997,-491.37378,-490.8147,-491.78387,-492.64255,-492.75488,-493.20508,-490.59253,-474.82767,-454.5214,-433.03574,-407.95148,-375.37085,-340.09735,-351.0266,-403.52988,-435.58527,-444.40753,-441.19217,-396.2174,-361.38245,-356.42804,-353.69568,-342.68118,-345.06708,-380.61255,-425.2662,-441.14917,-442.81744,-438.31836
-417.80887,-418.78433,-439.1172,-456.18573,-451.4958,-415.69962,-393.791,-404.38824,-450.0416,-478.56808,-483.6476,-486.93533,-485.60928,-482.96127,-485.86005,-487.3371,-477.87073,-464.2445,-432.67743,-407.79123,-387.99963,-365.471,-359.64142,-362.73825,-374.08978,-392.17322,-405.1051,-389.7481,-378.43863,-384.60202,-414.36038,-446.55225,-445.3362,-437.0237,-439.98795,-447.3506,-444.79614,-444.2899,-457.13882,-465.91034,-470.23352,-451.48508,-396.97943,-366.4204
-379.55118,-401.15262,-439.47073,-423.4021,-420.9847,-456.80383,-466.81665,-414.3975,-389.02924,-379.1539,-368.6284,-399.34277,-429.7351,-409.9688,-387.38043,-387.32928,-394.35056,-403.78455,-412.9627,-378.8214,-362.29977,-366.91293,-388.10452,-400.46588,-407.80673,-423.53003,-428.0394,-420.97083,-418.87866,-419.07712,-427.64203,-434.73834,-454.0643,-469.4792,-469.81082,-469.79062,-457.1909,-450.81204,-449.86255,-420.118,-381.37576,-381.21027,-423.2809,-464.3581
-442.151,-449.9923,-457.7401,-452.10522,-450.78064,-457.16568,-468.1527,-478.71844,-480.50027,-486.23425,-488.14096,-489.48758,-478.57623,-414.79456,-316.6426,-291.07297,-299.28625,-302.07947,-338.97824,-373.1931,-387.8968,-398.6323,-412.8943,-398.6846,-352.38016,-338.4596,-353.65463,-388.08035,-433.75797,-398.288,-319.03235,-287.51767,-272.64496,-265.20718,-262.27917,-259.65213,-268.87878,-282.50153,-296.97012,-341.31207,-396.69174,-306.75336,-218.60963,-187.64525
-448.7208,-453.86346,-467.10068,-471.1565,-456.68112,-449.43524,-449.08185,-449.77048,-461.7812,-469.91812,-464.15997,-453.18716,-449.99448,-445.83383,-446.71072,-461.96613,-481.56396,-421.5833,-352.4951,-330.70868,-339.09637,-355.9785,-367.78857,-377.9113,-400.66928,-416.38025,-413.77875,-414.2297,-422.57602,-432.94193,-430.572,-434.7569,-440.34827,-444.32846,-458.1156,-480.1108,-492.55328,-494.55136,-494.87524,-489.35898,-486.2311,-478.6474,-462.37753,-455.68726
-435.05002,-362.99237,-326.53906,-356.44815,-376.4721,-370.6619,-376.34753,-386.191,-410.30167,-439.93845,-451.19684,-458.8159,-458.5327,-449.12173,-438.47705,-409.60397,-357.28522,-321.29248,-331.4383,-367.66748,-385.45218,-405.20572,-392.1873,-325.76523,-300.33466,-309.08737,-329.57718,-351.8828,-373.8488,-307.22977,-284.36847,-317.1323,-358.48215,-355.72382,-337.22205,-322.20114,-311.13898,-312.98468,-334.709,-390.37402,-412.4744,-372.99182,-352.3265,-358.57004
-308.1576,-317.61682,-344.67062,-380.24,-386.4639,-394.89194,-407.3442,-398.0066,-399.51288,-436.64554,-376.02777,-352.4839,-370.99142,-406.18585,-435.68118,-454.69867,-467.31662,-474.4422,-477.71252,-481.17242,-486.8478,-489.72485,-472.9722,-447.00784,-431.2249,-412.21338,-383.40073,-357.48306,-346.98685,-346.5187,-361.56564,-385.8715,-404.90305,-411.9776,-412.45624,-415.53372,-419.45587,-428.32773,-453.65387,-483.28943,-492.6736,-491.85904,-489.62915,-496.21536
-496.344,-490.8248,-488.1328,-333.58823,-232.2647,-220.54543,-249.53761,-303.5273,-355.83853,-390.1029,-419.22015,-442.43985,-459.9316,-473.2691,-482.87573,-490.68738,-450.29526,-375.9614,-339.6327,-334.3453,-335.32248,-335.01013,-343.76498,-349.4524,-351.40146,-361.9866,-387.91287,-416.64307,-423.80676,-430.27515,-439.50134,-454.4947,-473.83798,-490.19235,-493.6457,-483.4055,-451.046,-393.088,-327.3241,-304.5173,-321.66907,-344.94794,-313.3126,-310.6672
-500.83655,-492.6244,-488.3431,-461.814,-404.79843,-377.97964,-375.64297,-361.12296,-348.41916,-320.06082,-303.2599,-311.15543,-333.29172,-353.1322,-357.55304,-354.0396,-348.36902,-366.86655,-430.3973,-452.86136,-439.93445,-423.87262,-425.26498,-434.17935,-403.56403,-393.9641,-407.13486,-441.6035,-462.25128,-465.20648,-467.9439,-472.58624,-473.87326,-476.9289,-484.57727,-488.56876,-485.36902,-486.80582,-488.2081,-489.81976,-489.44296,-492.4802,-485.74402,-489.30804
-313.72238,-322.88333,-350.7834,-386.18268,-430.50317,-470.1727,-477.92963,-480.18427,-486.87433,-480.1288,-475.38974,-479.10205,-474.73346,-477.22287,-489.5001,-494.0792,-492.4183,-491.66483,-490.43488,-489.68335,-491.31766,-496.50977,-491.54694,-484.2252,-490.22092,-497.3601,-495.4012,-495.0095,-491.11978,-487.1197,-488.93066,-489.57822,-488.1361,-487.4262,-488.32343,-487.67044,-488.7135,-489.62488,-485.7522,-484.02344,-485.8788,-488.82114,-478.4841,-475.51868
-265.64148,-241.63574,-242.92572,-247.22531,-271.7317,-290.92065,-300.06537,-324.82828,-364.18576,-368.08698,-343.05698,-330.01974,-334.26715,-350.28452,-382.00253,-412.7573,-446.15295,-473.5012,-479.01633,-481.92978,-490.81155,-492.4116,-489.3979,-491.53174,-492.525,-493.68628,-495.19293,-494.37616,-488.5016,-415.2154,-337.4601,-296.47794,-277.80493,-253.62509,-233.92938,-227.55746,-253.3289,-270.94467,-295.97964,-345.39627,-382.3415,-346.17752,-316.73083,-323.2462
-275.23215,-273.93362,-273.13873,-282.57404,-308.92303,-325.70932,-339.33392,-362.94495,-400.13867,-417.52808,-405.12195,-386.65967,-373.16653,-376.04752,-387.91553,-400.32678,-420.55252,-450.93732,-409.7935,-319.16644,-291.53537,-297.685,-315.25443,-327.06677,-328.8813,-325.64493,-324.02075,-331.8078,-296.80453,-284.0357,-276.34393,-269.56464,-262.24957,-248.2362,-254.93677,-288.34567,-284.44574,-313.5138,-380.31296,-361.77496,-326.85205,-335.2092,-367.92123,-397.411
-338.3418,-340.09064,-374.4726,-405.99252,-402.36523,-362.84656,-358.8609,-397.50552,-339.01096,-314.8226,-353.07108,-355.37878,-377.6979,-422.401,-427.66672,-397.25232,-371.75864,-352.30243,-332.0819,-327.44965,-341.26474,-359.3699,-382.47363,-414.24136,-433.09644,-429.12128,-415.56924,-417.79962,-440.86627,-440.26926,-424.97003,-410.45285,-378.58075,-361.25345,-383.38553,-411.33527,-373.66415,-344.63376,-343.04996,-356.44794,-362.70413,-356.66904,-365.68158,-385.08878
-297.06192,-299.1506,-316.08127,-334.05054,-344.87833,-322.2678,-303.57425,-304.96365,-322.87375,-339.96545,-373.20676,-427.05667,-439.55573,-441.68344,-445.6225,-458.51324,-474.13806,-484.36493,-486.41833,-486.08713,-484.26404,-480.2307,-466.17392,-458.9924,-378.14368,-314.9653,-306.65613,-319.41733,-328.88763,-338.45142,-341.29523,-343.4152,-342.20068,-350.17593,-368.52225,-389.3726,-409.22717,-428.69803,-450.6144,-461.79803,-470.3774,-475.62067,-394.7076,-355.85727
-499.48715,-489.8035,-487.1028,-488.8199,-496.13953,-501.95795,-494.3328,-489.90588,-494.27747,-495.18195,-494.47824,-488.00937,-493.1393,-495.96902,-489.89896,-493.28165,-498.26547,-493.19412,-497.13464,-492.67972,-464.4762,-426.36053,-419.54883,-422.11627,-388.6994,-368.25055,-366.9436,-373.51697,-393.24933,-418.9928,-438.62985,-443.6665,-423.29895,-398.96643,-411.24112,-435.16785,-309.54755,-270.7389,-313.01828,-372.65363,-424.57312,-435.17932,-416.20053,-415.40408
-398.6008,-405.287,-434.84116,-471.50885,-430.55386,-363.2394,-317.82028,-283.8866,-274.0193,-277.70764,-289.5134,-317.6833,-364.51608,-435.32806,-400.4495,-300.91168,-238.51518,-213.63994,-206.57349,-221.04657,-247.26143,-247.47208,-256.18848,-280.44098,-306.8912,-334.39133,-359.93872,-375.87592,-394.69144,-400.44598,-409.24353,-424.59222,-424.6229,-412.7798,-391.24606,-370.09012,-373.22958,-382.31827,-363.8084,-357.0728,-352.96655,-351.64423,-339.24423,-338.4267
-324.6873,-336.94086,-361.34076,-345.90607,-333.4232,-353.95956,-364.61142,-382.71136,-398.67426,-413.607,-398.77115,-395.44272,-407.40857,-412.67007,-409.4004,-409.66217,-413.64563,-400.98392,-365.67178,-348.92645,-368.36328,-401.2793,-445.14166,-476.15942,-490.6917,-454.2001,-330.73798,-293.68753,-300.6548,-307.70398,-309.8687,-345.10886,-389.60724,-441.92038,-474.67273,-454.41125,-420.7356,-418.88998,-431.23715,-437.78455,-451.22836,-448.72092,-442.03952,-441.43048
-506.01767,-495.0613,-484.4962,-485.9808,-489.242,-491.18008,-492.6838,-496.70673,-498.7709,-498.6644,-498.0379,-495.26456,-494.0954,-490.54996,-489.70428,-490.89404,-491.40732,-490.80927,-486.5845,-480.5186,-477.6438,-483.56332,-492.60275,-491.2053,-490.44992,-478.77573,-402.69016,-367.66946,-383.8585,-413.844,-417.70874,-411.6992,-403.53232,-379.72003,-363.43536,-358.7595,-358.44955,-368.05618,-389.283,-419.3415,-448.69485,-477.35455,-487.54236,-496.69452
-408.48138,-416.26337,-425.47418,-429.04,-434.86435,-431.7264,-439.75204,-448.6041,-448.60513,-454.1589,-464.44925,-465.6341,-479.10632,-486.90762,-494.18985,-500.8321,-498.66245,-500.64334,-496.07407,-494.0099,-496.4751,-500.90637,-498.2913,-495.7991,-496.86966,-499.66666,-497.96362,-496.40854,-497.52618,-498.4237,-500.1477,-500.6215,-498.76587,-501.11377,-501.2036,-500.20773,-501.16983,-502.1493,-501.84485,-497.5114,-496.30972,-498.54117,-495.01505,-498.2969
-335.06055,-338.29105,-352.70758,-366.8252,-388.13104,-411.93286,-424.95883,-433.96326,-446.658,-466.17593,-481.93427,-444.56128,-416.28793,-401.07654,-389.06522,-388.54507,-376.39615,-364.85846,-357.7469,-356.20288,-356.3204,-357.01526,-358.42993,-360.20987,-360.92514,-363.54446,-369.8183,-366.13275,-361.99384,-368.31198,-369.91214,-373.73148,-377.63214,-382.24292,-390.8042,-399.46387,-403.67,-408.63638,-412.94016,-421.47525,-427.46426,-434.31573,-433.02383,-432.8685
-451.59427,-451.43762,-459.87982,-469.41446,-471.17172,-476.9543,-483.8253,-442.55466,-358.9768,-307.07318,-262.29153,-253.39175,-271.79636,-295.2241,-300.13342,-296.5099,-324.0429,-374.2927,-356.67096,-298.87698,-246.09888,-233.35043,-232.31755,-231.54247,-232.23572,-243.64955,-251.53883,-286.27786,-275.2432,-217.10701,-201.7256,-218.4461,-252.87932,-279.2966,-289.30383,-327.37622,-346.28854,-324.95178,-330.84903,-361.15735,-377.9695,-353.98016,-306.67563,-292.279
