-465.87054,-465.3623,-427.58932,-375.39114,-345.1672,-311.6121,-278.00635,-237.42915,-231.27547,-248.9237,-278.00266,-294.55405,-316.9676,-341.8174,-360.44775,-350.39166,-306.56314,-275.48944,-262.35046,-276.26508,-301.6555,-317.8401,-368.7758,-430.75775,-373.772,-295.81625,-302.47556,-317.02145,-304.83377,-301.5495,-296.6801,-291.71802,-293.28552,-306.05396,-332.67523,-379.51608,-421.49347,-351.39786,-323.8096,-357.30133,-356.89252,-344.6556,-305.40222,-288.4245
-327.69095,-369.6143,-445.15488,-356.13525,-327.08267,-375.2078,-384.07886,-379.36072,-375.5504,-380.34537,-383.48264,-378.5692,-372.75464,-374.66837,-385.80362,-408.5368,-442.69412,-463.34552,-468.07172,-467.169,-448.7472,-430.84045,-418.2642,-416.50504,-434.91214,-433.91022,-431.78925,-428.8562,-431.12796,-438.3217,-441.3085,-443.5571,-441.64557,-438.7506,-438.67773,-443.99567,-447.64365,-446.6832,-450.56857,-449.66678,-451.5562,-454.5474,-457.71875,-459.58072
-468.43884,-465.02628,-467.3875,-469.1744,-462.53906,-453.75687,-442.8758,-433.93512,-437.21057,-438.88068,-435.43402,-450.17944,-444.46286,-343.76666,-276.9754,-264.27615,-279.30304,-273.60095,-267.1199,-273.82657,-298.44092,-324.97693,-347.95807,-370.587,-383.46637,-391.69452,-387.00647,-378.30356,-371.28598,-366.9911,-370.45523,-386.2537,-386.85025,-391.63452,-402.2031,-412.94165,-429.24664,-436.37128,-456.38937,-444.03378,-434.62897,-464.3939,-466.36032,-464.28558
-446.1384,-449.86337,-452.02216,-452.38644,-453.88632,-455.8863,-457.67236,-465.5135,-465.172,-464.53687,-415.8487,-274.12112,-208.97414,-208.24959,-225.52736,-212.25536,-206.13373,-208.80003,-219.19179,-229.4975,-223.8747,-211.15648,-248.23093,-354.0882,-453.2056,-466.03955,-398.70032,-278.45532,-237.83519,-244.73538,-259.62402,-273.4882,-305.08972,-327.7513,-308.6991,-280.58942,-290.2096,-268.91296,-254.07286,-260.66043,-257.55014,-227.68002,-197.40225,-215.0421
-467.21576,-466.09995,-460.76733,-460.03552,-465.05484,-467.84436,-466.44217,-464.1619,-461.13232,-462.67255,-463.41827,-464.06183,-458.05783,-456.1853,-460.98233,-462.1098,-463.2027,-467.0678,-466.13687,-466.946,-469.5411,-469.86667,-469.03345,-467.98358,-457.25778,-447.0986,-454.03055,-463.20422,-473.9593,-471.90524,-464.3821,-447.69354,-430.4421,-423.95807,-426.7994,-410.40414,-412.62787,-453.3554,-410.0805,-308.847,-273.92056,-278.42233,-259.71503,-248.1426
-460.95868,-459.57864,-464.2895,-461.98923,-456.806,-456.22232,-454.38892,-453.5187,-442.5072,-441.04486,-451.3545,-451.09692,-453.93604,-452.14493,-459.9033,-465.73022,-462.26346,-462.13602,-465.40387,-462.03036,-463.07083,-468.64114,-468.44122,-461.90024,-455.63522,-466.6347,-466.6795,-467.31894,-467.42697,-468.74954,-468.0386,-465.27042,-467.09253,-470.7296,-471.85678,-466.78372,-468.33948,-466.93896,-465.30975,-465.72742,-465.82773,-465.89838,-464.67896,-470.4575
-275.83762,-272.98608,-274.15936,-271.83908,-270.75055,-281.61597,-306.20325,-331.98227,-365.23514,-408.72852,-442.81274,-462.2991,-465.15848,-457.79742,-445.49673,-434.59515,-402.7672,-382.06183,-394.09946,-407.49173,-405.77972,-410.84497,-408.8097,-390.37146,-379.83417,-369.0015,-362.23215,-359.76358,-365.53156,-405.8392,-443.25348,-455.71625,-461.96005,-465.88367,-429.5368,-387.39215,-381.90652,-402.6885,-427.079,-434.44693,-433.9667,-439.9032,-448.649,-454.69867
-305.86993,-228.9908,-206.55609,-210.79576,-247.3292,-285.26904,-301.74414,-312.1137,-324.267,-332.90643,-344.9979,-357.00647,-366.90964,-370.89645,-370.37543,-341.32227,-334.13348,-336.71753,-322.8017,-319.4949,-306.5432,-279.0186,-267.1407,-269.22943,-242.81464,-242.61302,-294.36276,-310.25327,-320.04764,-324.97174,-331.8648,-345.18622,-350.83487,-351.73956,-355.32114,-348.29764,-333.9256,-326.6689,-279.5912,-275.86975,-318.4319,-350.19455,-350.90045,-350.08524
-273.90555,-286.03314,-305.17984,-300.56094,-299.78003,-304.20303,-297.81274,-274.42328,-290.71585,-325.3872,-326.7996,-335.20914,-343.6258,-340.7734,-340.23492,-356.10742,-372.96085,-392.54437,-401.4755,-402.79907,-409.3322,-398.51422,-337.69196,-303.00296,-286.22043,-276.22058,-275.2241,-271.3489,-279.44553,-341.0648,-399.57013,-405.7209,-412.79413,-429.16837,-450.11896,-462.5924,-467.10583,-464.55396,-462.76456,-457.45236,-450.27682,-448.27945,-451.78064,-458.71384
-220.4589,-241.50195,-282.37387,-300.09433,-308.6953,-300.77567,-294.59302,-294.545,-292.85236,-293.04456,-295.4662,-292.8816,-292.42273,-291.288,-287.96646,-283.0898,-289.95425,-300.91684,-324.46036,-389.3774,-439.40582,-295.83127,-246.71574,-276.88553,-316.05078,-312.74594,-310.10706,-308.24435,-311.29227,-320.62897,-335.04037,-342.21564,-326.90292,-294.4336,-278.562,-275.70963,-277.84644,-293.57657,-337.91867,-356.10226,-314.42697,-286.56696,-278.26187,-276.499
-467.49023,-465.31277,-463.6215,-461.65842,-463.49872,-465.97318,-463.97482,-467.666,-469.58798,-470.85904,-467.4412,-462.56763,-460.66376,-453.2714,-430.731,-409.72098,-426.89267,-413.89655,-400.94675,-386.76163,-377.25574,-376.01245,-381.72845,-386.9341,-390.3218,-398.37827,-407.32053,-410.92615,-414.8037,-421.47076,-422.60626,-419.9634,-416.72195,-416.82724,-413.022,-416.4203,-424.10782,-430.15634,-430.3165,-430.3765,-431.98026,-436.944,-437.6185,-444.15283
-470.15073,-464.02396,-455.64267,-459.28912,-459.93256,-459.22464,-455.15256,-421.35278,-312.23413,-255.89954,-258.12955,-272.87766,-266.9078,-257.91324,-262.74725,-275.3316,-295.4262,-330.0239,-352.0958,-365.66077,-373.63892,-366.70407,-359.33118,-355.42975,-345.58167,-350.2452,-351.18298,-358.79773,-368.18546,-373.08,-372.2294,-377.11243,-399.28928,-415.51276,-422.443,-444.55066,-463.06326,-466.81143,-467.13858,-463.40942,-465.72583,-468.45868,-467.54855,-470.9035
-470.85153,-464.48343,-464.90372,-470.1472,-471.60516,-464.78024,-469.6058,-446.24875,-307.46875,-241.05298,-232.19577,-246.48618,-236.89447,-242.9004,-248.5728,-249.3304,-256.13342,-255.20247,-270.55286,-290.9563,-287.84036,-276.56363,-267.48834,-278.15112,-301.6079,-322.68454,-347.3074,-371.00577,-383.76486,-396.20673,-411.85638,-424.265,-438.19913,-448.03302,-459.534,-463.14404,-463.75034,-470.484,-475.6045,-473.97177,-473.54272,-469.0425,-469.85977,-472.67258
-462.07803,-462.1067,-467.36966,-469.64984,-469.5274,-470.08463,-470.00525,-472.11063,-475.20074,-471.6109,-459.36227,-454.95972,-450.8069,-402.9214,-361.45444,-286.02615,-252.70996,-266.40393,-276.88992,-268.75085,-282.54312,-290.43753,-300.1637,-322.92938,-348.69052,-361.72037,-372.94968,-380.56552,-371.7752,-366.19904,-363.8404,-313.6684,-285.85895,-283.20294,-284.79556,-330.19678,-357.99655,-331.96167,-328.17117,-340.58398,-356.5758,-396.43857,-344.55478,-292.7081
-395.8534,-388.0282,-358.76178,-323.03656,-303.72073,-297.45178,-308.08954,-304.61526,-286.10095,-274.347,-271.71164,-269.08984,-282.10776,-308.60788,-322.82385,-355.3365,-373.70795,-382.1851,-407.99072,-404.0413,-376.40643,-312.87717,-261.30652,-264.5655,-282.15857,-313.73938,-331.19394,-360.5831,-376.88226,-384.2816,-376.05927,-373.58762,-386.86206,-413.7567,-440.4766,-448.98914,-455.8717,-467.84314,-465.594,-460.27246,-439.79132,-439.71097,-448.08704,-447.97882
-462.47104,-456.10373,-456.58063,-459.16614,-468.367,-469.82574,-468.5853,-464.20886,-457.9963,-455.78745,-451.03513,-446.94785,-456.58395,-469.22717,-470.9163,-471.73187,-468.451,-464.90018,-462.3385,-328.1897,-246.88225,-229.27762,-245.10637,-246.52325,-238.06718,-239.13963,-244.9418,-251.95555,-274.80994,-315.8681,-342.33606,-347.94452,-354.13965,-347.86832,-348.81467,-352.15854,-354.63986,-367.7466,-384.75464,-394.66898,-431.80884,-463.91223,-466.06726,-472.73334
-447.0538,-445.53967,-447.42197,-449.05725,-449.45956,-448.30164,-445.09238,-444.08765,-443.95465,-446.95856,-451.50995,-455.31107,-459.71228,-460.28412,-463.91803,-461.2946,-464.7045,-467.18808,-464.04312,-450.15753,-437.11792,-432.73743,-431.17194,-407.57367,-407.7791,-446.83994,-418.50482,-312.75137,-267.8847,-280.49887,-303.80206,-301.13464,-303.32053,-316.2382,-343.4967,-364.53754,-387.56955,-398.71518,-397.9183,-398.72284,-400.11212,-399.35498,-377.30283,-362.30505
-689.67773,-689.67773,-689.67773,-474.6906,-399.64066,-427.57013,-469.93658,-437.57867,-343.62952,-265.53052,-226.93665,-236.21829,-253.57137,-248.09361,-251.62576,-263.83716,-264.80276,-266.22372,-271.88715,-287.115,-315.65442,-339.16888,-344.84995,-345.9733,-351.54236,-348.18268,-341.81876,-334.92136,-337.26712,-354.46783,-385.28662,-397.2025,-407.35202,-417.921,-290.99246,-219.83731,-202.90195,-224.20451,-241.53549,-241.78989,-250.39064,-261.59906,-322.77164,-418.04218
-474.59906,-468.92047,-446.51334,-448.09964,-474.1648,-476.96234,-471.0996,-469.2092,-467.05206,-469.23215,-470.09424,-467.47015,-467.8341,-469.81894,-469.56927,-469.1833,-467.97763,-465.05026,-463.9942,-459.9458,-457.4741,-452.4407,-449.20416,-446.2003,-447.45004,-456.75327,-461.12225,-459.82138,-457.73846,-454.04288,-451.8112,-456.65027,-456.7318,-456.65753,-456.35748,-455.91516,-461.105,-463.93903,-462.83923,-464.2218,-465.86197,-467.9045,-465.32648,-472.15634
-257.50064,-275.3669,-295.12317,-279.52298,-270.80292,-256.881,-246.60771,-235.89598,-232.98044,-229.73901,-243.20801,-255.3371,-265.81665,-292.45413,-337.9463,-344.25916,-297.9978,-257.62656,-240.96329,-235.9944,-236.8077,-255.68787,-276.20905,-279.72662,-292.01044,-324.77966,-315.57407,-312.70514,-345.70685,-374.13968,-368.10233,-358.98245,-355.13342,-349.74924,-350.111,-348.60892,-353.0934,-364.38602,-354.47043,-346.78662,-360.0971,-387.12115,-420.4241,-450.3157
-338.21603,-343.1762,-346.45642,-347.21558,-345.64246,-345.4141,-349.48868,-371.81534,-377.9118,-366.54907,-358.50085,-344.29614,-377.316,-402.0514,-326.7003,-274.3159,-263.47305,-275.403,-319.90173,-351.71378,-368.91962,-382.15384,-379.8711,-374.7213,-354.16934,-351.56326,-365.53476,-383.7829,-397.27002,-413.1803,-428.49838,-440.44336,-432.4494,-422.47244,-415.05652,-416.7643,-426.70224,-438.30753,-443.67438,-390.99915,-324.27072,-287.87683,-256.5998,-249.23038
-473.1316,-468.82285,-463.29892,-465.92386,-467.30453,-465.11752,-465.00073,-467.47293,-466.88458,-466.40036,-439.70795,-386.70377,-357.93896,-358.49298,-381.75153,-415.35,-440.23584,-453.1955,-458.0127,-462.05182,-470.07965,-364.12927,-283.80502,-289.83566,-326.79584,-319.40317,-320.84265,-328.03012,-341.4947,-382.125,-354.8364,-301.5688,-319.1149,-361.8831,-362.4406,-367.41992,-370.82043,-379.84598,-381.76523,-375.44974,-363.32254,-353.67477,-346.27438,-343.11465
-278.35873,-305.14453,-329.92365,-309.42853,-291.43912,-285.0686,-278.1927,-278.28885,-281.11893,-285.20535,-294.64532,-336.90054,-422.93915,-458.11136,-462.36453,-463.93018,-419.98196,-365.22012,-314.7326,-273.34598,-257.92322,-262.1997,-279.1777,-299.18024,-355.18484,-410.5743,-331.49246,-306.2899,-296.81927,-273.06555,-254.6451,-261.38354,-280.78168,-287.235,-300.5544,-340.49792,-361.71567,-301.5987,-267.34964,-252.06496,-242.64049,-257.85458,-282.2576,-288.61362
-472.08862,-468.09912,-469.8047,-466.83176,-465.41254,-453.824,-448.72424,-438.6421,-429.8813,-420.8839,-417.0907,-412.93686,-410.26245,-411.46014,-416.16937,-424.22113,-431.9365,-442.21863,-447.53308,-453.52914,-466.6277,-476.54767,-475.9915,-477.08334,-474.82184,-475.072,-467.23758,-462.5403,-462.83478,-466.82642,-462.75568,-459.6502,-462.04102,-465.43066,-468.31107,-467.59357,-466.76566,-461.02295,-457.09952,-460.9656,-461.4291,-456.30884,-452.25763,-452.4942
-310.39883,-343.66702,-388.3224,-389.17786,-402.60236,-413.62375,-421.15735,-425.28,-350.0931,-269.45764,-253.52065,-274.5262,-279.81943,-276.78592,-288.32437,-338.5691,-401.72168,-409.15436,-434.91852,-463.71133,-460.3731,-460.8675,-465.5008,-466.715,-466.06537,-466.175,-465.6293,-462.1122,-462.73233,-466.59906,-466.1957,-467.12482,-471.96167,-469.60544,-465.81543,-462.18817,-314.62833,-229.213,-226.12462,-244.98988,-250.82109,-266.7094,-254.46886,-248.44391
-470.94684,-468.13147,-468.06577,-467.7735,-470.27875,-473.40143,-473.9926,-472.5949,-470.4942,-471.38226,-469.75714,-470.73053,-470.47546,-469.167,-468.3544,-464.1118,-468.23508,-469.68018,-469.20383,-447.36963,-435.65277,-443.64813,-451.62457,-447.739,-436.4198,-430.98303,-443.81363,-460.62897,-443.24454,-400.68845,-379.43115,-383.02676,-393.67578,-431.94427,-457.02533,-454.69315,-443.78778,-441.00806,-432.75116,-411.04013,-399.06433,-403.79535,-418.13403,-439.2293
-172.29922,-188.0511,-213.78314,-222.27287,-242.88904,-267.41623,-292.4424,-321.54364,-352.25784,-364.17856,-361.99048,-362.9558,-351.11646,-344.84204,-343.40616,-345.6381,-362.91367,-380.473,-388.24133,-393.93793,-402.9931,-401.67886,-389.09033,-395.73267,-431.32977,-446.2851,-452.39252,-451.18958,-442.7546,-455.68826,-464.2428,-460.40988,-456.52744,-452.70734,-401.59857,-373.9781,-385.03708,-429.7248,-427.64035,-404.283,-425.27927,-421.13852,-394.2603,-398.88358
-469.88483,-467.81216,-462.1603,-453.494,-441.72888,-433.36115,-429.76022,-428.42993,-421.60162,-414.38123,-415.93222,-421.73257,-430.96268,-432.7849,-426.1548,-424.48123,-424.38528,-425.4997,-421.17505,-415.85483,-418.5028,-421.66187,-426.62906,-431.15793,-432.21555,-433.20337,-430.3047,-435.85382,-449.33002,-458.80844,-458.2808,-454.25278,-444.31522,-429.3015,-415.70856,-409.78845,-420.65845,-427.3687,-412.6457,-423.2433,-443.72556,-452.90326,-458.3602,-459.59705
-469.4916,-470.99673,-473.50824,-473.68674,-474.04398,-476.33405,-424.9356,-287.45245,-233.1262,-235.86124,-256.50833,-244.2238,-252.46233,-271.9988,-281.78006,-304.73288,-369.27045,-414.67825,-281.71503,-245.91287,-273.2509,-274.5882,-255.47305,-258.86194,-282.34448,-293.32446,-301.58377,-306.64667,-319.8274,-310.31763,-301.47006,-296.30194,-298.52234,-346.11792,-427.29257,-463.08017,-466.66302,-472.35364,-476.30283,-470.89203,-469.82602,-469.63797,-467.0031,-467.04272
-471.82263,-470.35944,-470.7194,-463.1064,-443.6884,-433.60638,-431.1793,-429.38617,-430.48743,-432.86176,-433.04523,-441.03705,-453.78784,-455.98477,-461.08722,-468.168,-469.62308,-462.70694,-463.29538,-464.95792,-437.92145,-411.4046,-358.76227,-304.6366,-298.2182,-312.65466,-309.18958,-313.59763,-320.0046,-348.42874,-366.71667,-356.098,-337.65085,-320.66916,-307.85825,-295.92987,-288.30005,-281.9984,-276.01837,-277.276,-279.15854,-285.5767,-292.1368,-299.15662
-416.5848,-405.0353,-400.2151,-403.18863,-418.0646,-441.3107,-458.37894,-467.58514,-469.52972,-468.99155,-468.49203,-469.26895,-467.8844,-466.54538,-466.9571,-469.621,-470.98187,-470.27863,-469.3372,-462.46042,-463.60568,-469.31442,-466.43488,-466.20605,-466.64203,-467.75018,-469.53006,-466.08136,-471.83084,-472.68472,-473.85632,-472.75836,-472.9509,-471.3364,-472.74557,-476.33963,-474.15558,-472.78546,-472.12445,-471.73926,-475.8547,-473.6964,-468.34692,-466.27576
-302.25336,-307.75247,-322.9372,-352.97583,-406.60144,-457.49463,-466.81995,-471.74362,-474.05267,-472.06842,-473.08606,-468.54248,-464.87152,-465.38177,-464.36475,-464.6824,-468.89423,-470.04947,-469.38052,-473.63742,-473.0628,-470.60382,-470.70428,-469.08972,-471.86887,-471.53973,-467.56348,-466.4786,-466.57007,-465.43677,-469.04367,-471.23965,-469.4432,-468.92694,-470.52362,-473.93228,-470.83652,-468.28052,-466.86353,-463.07162,-466.36807,-468.82498,-465.21164,-463.94534
-451.9781,-451.20605,-456.6943,-454.58783,-455.0232,-452.91638,-463.12704,-470.69696,-469.81134,-470.72354,-468.6783,-467.33905,-467.14136,-461.08035,-451.64355,-423.91827,-423.1317,-429.28253,-429.39127,-427.71362,-425.81613,-432.3411,-441.52228,-450.41336,-462.91522,-470.0691,-475.1143,-472.34213,-469.4166,-467.10098,-466.66812,-466.8851,-465.9409,-467.5345,-466.0229,-468.87766,-471.5053,-468.19116,-467.40982,-466.50342,-467.44565,-464.36285,-458.23962,-465.24738
-421.31842,-422.68314,-429.68863,-434.58234,-435.38748,-442.50485,-459.6984,-468.841,-462.76044,-457.70212,-459.83868,-465.61768,-466.8305,-470.12558,-469.0179,-469.7554,-472.00317,-474.00452,-474.96463,-469.9989,-470.41772,-469.1909,-464.02716,-460.44287,-442.58005,-442.17874,-462.4475,-464.72607,-465.09024,-465.1192,-464.09454,-464.8874,-469.952,-470.86707,-470.4803,-470.73898,-470.0141,-467.54553,-464.72464,-464.46173,-465.28403,-465.07938,-464.22064,-469.1424
-288.81198,-301.99603,-304.36804,-272.19324,-263.774,-283.10236,-309.5969,-331.77597,-343.32187,-347.9587,-344.22113,-361.12918,-390.15375,-400.80576,-431.20898,-463.56973,-468.274,-466.47787,-372.21063,-256.47647,-223.41212,-245.17667,-264.73767,-265.70667,-273.38028,-285.7214,-296.3603,-280.46893,-271.19666,-267.76288,-274.8518,-284.2679,-295.2308,-300.69467,-310.6834,-318.10556,-321.3075,-328.55792,-331.33395,-316.41513,-293.83826,-289.16565,-303.48074,-324.25482
-441.21262,-439.48325,-438.0593,-443.92383,-445.80203,-450.46085,-459.29968,-464.0837,-461.17697,-461.85834,-468.70868,-469.12564,-468.369,-463.40338,-453.38318,-455.86432,-433.13562,-353.55334,-328.36142,-346.8329,-358.08804,-352.8564,-356.23062,-354.15848,-367.76324,-414.3557,-421.83084,-409.25616,-429.76917,-448.13333,-443.1205,-430.98132,-419.42484,-412.9199,-412.21545,-416.57068,-422.9013,-424.92813,-427.70328,-426.7396,-422.1872,-417.33063,-412.7514,-421.7417
-458.56583,-462.01642,-459.67422,-442.24112,-443.2321,-445.4781,-437.8303,-444.41946,-447.40506,-442.90683,-442.00784,-442.17825,-446.73508,-446.98538,-443.98856,-440.0673,-436.61716,-424.89813,-438.2404,-458.3731,-465.375,-467.78784,-467.42398,-464.88333,-468.94696,-463.64084,-453.38544,-449.4866,-455.73978,-468.16467,-468.3178,-467.904,-467.17825,-465.80176,-464.77155,-462.04904,-460.85507,-444.66623,-417.20758,-427.13797,-459.18472,-467.47525,-466.71802,-465.94754
-466.92624,-470.48724,-460.88913,-441.84738,-446.4564,-456.81256,-470.29562,-472.191,-464.97168,-462.69052,-464.01196,-466.05014,-471.32593,-472.77658,-468.95844,-469.63257,-471.31708,-468.3462,-470.2746,-469.00174,-472.35413,-474.76947,-478.1082,-476.7719,-472.37512,-472.4743,-472.20898,-470.93967,-466.70032,-462.26767,-446.16382,-452.8198,-467.39145,-468.2497,-469.6853,-470.22208,-472.76953,-468.34326,-465.32477,-465.6556,-467.1709,-472.06836,-471.4204,-475.70242
-467.16962,-466.74454,-467.71634,-445.06442,-415.04846,-396.07037,-325.43945,-264.48367,-243.3864,-238.25165,-269.07645,-352.6151,-420.52585,-371.7796,-314.0536,-291.80783,-293.69116,-307.37695,-317.68558,-349.99652,-359.8613,-363.65787,-362.22235,-354.7711,-345.8367,-347.8395,-388.11072,-402.4188,-353.1939,-306.56183,-288.95325,-295.98187,-294.09137,-286.99615,-297.41293,-319.88464,-341.0541,-364.32468,-422.36456,-399.17188,-340.148,-304.57947,-281.4254,-274.80624
-464.71576,-462.95303,-462.91052,-461.8639,-466.2051,-468.0511,-465.84686,-463.07172,-464.70828,-465.73175,-454.92648,-453.08368,-461.6323,-465.44763,-473.20898,-460.0232,-442.7382,-440.23602,-435.95093,-448.64767,-469.55316,-467.31943,-467.92392,-469.31772,-465.58847,-468.32095,-465.704,-466.6071,-466.52048,-468.34882,-467.8233,-467.9587,-452.68127,-448.79883,-454.57553,-423.07062,-389.2307,-371.0368,-377.73883,-388.8912,-396.49173,-292.2716,-234.45073,-218.63914
-347.63846,-364.35635,-382.84372,-365.8188,-375.26227,-415.7596,-445.66086,-450.3581,-453.5205,-458.64844,-462.76773,-468.84583,-467.69046,-461.34137,-460.27954,-467.8741,-466.6045,-469.4815,-468.68094,-467.47638,-472.65063,-468.28375,-467.70392,-469.4678,-467.31418,-470.09973,-470.36798,-461.756,-456.2886,-455.9863,-463.66776,-466.11682,-468.15897,-468.53955,-469.1037,-468.45367,-467.3347,-470.6235,-470.61826,-473.9922,-471.60767,-471.60046,-469.35403,-472.17767
-466.64532,-468.11853,-471.6478,-473.58667,-468.35672,-453.8309,-344.60153,-286.7334,-286.9597,-302.9685,-274.40375,-267.36087,-253.4693,-259.7349,-339.29596,-459.01877,-383.38773,-267.43304,-236.1624,-260.8921,-298.78305,-301.3038,-316.6876,-338.43588,-358.59576,-366.75476,-372.3657,-367.0339,-362.63916,-347.5213,-335.78824,-350.15686,-371.05972,-397.7317,-419.6298,-386.97864,-355.8869,-345.1426,-325.0081,-286.75214,-279.73358,-320.9538,-382.1181,-413.60895
-368.42593,-349.84183,-310.73364,-274.37354,-250.14778,-241.33365,-241.2332,-240.50504,-258.2265,-290.84894,-297.61,-299.43683,-315.56436,-324.97852,-320.62827,-331.09662,-336.72086,-342.95538,-360.08392,-373.90405,-390.7692,-430.5929,-466.59622,-442.2555,-336.77057,-284.41174,-279.32535,-266.5987,-253.77242,-219.07603,-207.66553,-237.78369,-244.59177,-260.69434,-286.30453,-256.75894,-238.73131,-260.1179,-330.38406,-347.6124,-302.19427,-276.17175,-287.32394,-295.72778
-437.6114,-444.21213,-451.20663,-439.5171,-424.96356,-423.66562,-427.20273,-440.20212,-449.14227,-455.1625,-439.57742,-413.18167,-405.6775,-409.70285,-420.15073,-419.40485,-373.9082,-321.6811,-275.83072,-263.80624,-274.6027,-269.51074,-268.57855,-275.02182,-291.612,-293.14465,-304.3187,-324.17987,-338.71445,-351.46356,-361.2763,-396.55603,-442.66956,-455.9859,-467.6961,-467.07562,-449.93747,-301.26532,-229.07782,-218.91428,-240.91945,-230.36533,-223.00522,-239.8492
-285.12405,-309.94077,-342.06854,-351.26993,-355.41354,-353.32745,-356.1681,-356.11746,-359.25034,-359.81723,-353.41425,-335.86725,-323.6794,-324.87787,-335.04886,-354.61426,-370.95847,-390.21082,-409.95688,-423.39185,-441.24377,-454.51477,-462.63812,-467.32477,-464.88376,-464.58853,-467.02533,-474.24573,-475.6286,-473.7487,-470.62106,-465.61172,-462.95377,-463.4081,-464.2262,-467.0568,-465.67813,-466.5824,-468.27905,-468.40466,-464.2693,-458.59515,-458.80725,-464.46945
-467.7976,-467.7732,-470.33044,-469.2,-466.1196,-469.90616,-472.23477,-467.04962,-467.52585,-469.73978,-468.12302,-469.3572,-469.58423,-466.20874,-428.79175,-347.48102,-338.60043,-385.8494,-428.48547,-458.07977,-338.18936,-248.01602,-228.7527,-248.27031,-239.04529,-258.0823,-266.28745,-272.29932,-295.68964,-321.82233,-343.08713,-349.71118,-348.65915,-341.7633,-340.39294,-340.74872,-338.8284,-339.4398,-347.78864,-366.98486,-385.32736,-383.69644,-397.45953,-431.60126
-335.72928,-348.6185,-355.906,-342.80515,-322.92612,-308.38034,-310.1522,-326.83176,-329.20544,-333.74686,-346.84534,-372.41486,-393.79977,-403.37128,-372.34213,-346.75162,-333.2586,-323.06766,-336.06104,-371.57343,-398.02637,-404.2153,-409.02414,-403.59872,-318.95526,-261.49503,-257.57724,-272.63507,-326.62473,-441.33337,-370.4431,-323.07788,-343.85498,-369.91916,-370.4227,-379.21243,-377.66812,-376.50906,-373.7323,-361.95093,-363.68213,-368.94067,-366.61765,-376.58005
-457.56403,-455.82242,-456.3637,-456.9233,-455.68283,-448.80347,-441.91464,-380.2835,-343.23593,-329.3755,-291.62103,-260.61502,-241.61708,-231.81769,-236.49803,-243.9369,-252.68031,-267.67654,-275.1061,-274.80862,-269.59207,-252.14284,-207.76884,-192.30942,-215.85889,-228.71544,-224.91087,-236.89706,-258.084,-287.95914,-291.68802,-296.1296,-288.1441,-239.55331,-221.62013,-259.92078,-349.34766,-443.23172,-459.60904,-352.22345,-260.9954,-234.18738,-237.33495,-254.22893
-472.26,-469.74185,-472.8337,-472.07425,-470.2221,-468.62222,-469.87167,-472.30856,-470.70358,-468.8136,-466.26804,-464.54977,-467.50024,-472.93198,-472.59845,-469.2786,-472.51212,-473.6993,-472.00003,-470.70316,-471.5613,-469.85315,-471.0668,-474.4639,-472.68774,-466.64478,-463.191,-462.61554,-467.37143,-458.1003,-336.03812,-279.1609,-269.78537,-264.17847,-290.7791,-298.94092,-303.09982,-309.4643,-313.81635,-319.05432,-324.72464,-330.96677,-312.31976,-295.8088
-462.79654,-454.8923,-446.3333,-443.247,-445.19196,-445.61493,-450.93552,-452.31476,-435.3015,-436.0664,-455.89804,-464.40436,-462.4322,-468.5944,-469.3463,-466.69937,-471.45572,-472.55603,-471.95703,-473.8835,-472.33972,-472.25543,-475.61298,-479.47855,-477.05426,-471.72028,-469.31213,-468.56448,-472.46442,-471.18268,-466.46573,-465.58173,-470.09363,-460.47382,-428.23523,-329.13403,-286.54883,-294.94196,-303.1447,-304.732,-291.98135,-287.93057,-259.64154,-244.97284
-284.8831,-270.5838,-250.4236,-238.91167,-255.21928,-309.65033,-347.85004,-343.88687,-358.16592,-355.3633,-351.97638,-354.9797,-368.86627,-378.63098,-385.7054,-388.49673,-370.85608,-360.194,-354.3896,-351.08102,-353.28754,-362.25818,-369.918,-363.33026,-382.27972,-406.73456,-321.3905,-279.35046,-291.1925,-303.34027,-299.7548,-309.16177,-333.191,-364.97977,-376.40308,-384.16238,-394.02017,-391.44418,-383.42096,-374.8984,-369.60242,-392.38635,-398.49576,-403.19992
-448.2886,-440.15152,-437.62482,-434.18152,-431.96387,-426.83475,-419.59692,-415.37326,-406.8552,-400.02078,-409.176,-412.64288,-413.96844,-414.92252,-414.00153,-405.89603,-416.52606,-434.30573,-440.0091,-446.53223,-456.50198,-427.27618,-417.46472,-460.53366,-469.89145,-462.96625,-458.46283,-442.07224,-432.2527,-435.14523,-431.8471,-439.15613,-460.78015,-394.47797,-310.29477,-261.05045,-262.5039,-276.2678,-286.9745,-311.3029,-342.70276,-370.28546,-358.16968,-351.1528
-473.14566,-468.8644,-465.74805,-357.25626,-266.84146,-234.1992,-255.0526,-272.92435,-270.2135,-274.81155,-284.69412,-303.03894,-336.71887,-373.9417,-388.90036,-378.63104,-359.98398,-337.17612,-273.59354,-243.38318,-250.72481,-256.54987,-241.82956,-213.30905,-226.15535,-257.4646,-276.8541,-277.3758,-308.29065,-350.3618,-364.11127,-344.65497,-330.91632,-360.74496,-423.71216,-373.69592,-307.62894,-265.72018,-261.95163,-285.6333,-329.49094,-348.89505,-341.8411,-328.43353
-466.53854,-459.62497,-460.29465,-464.9751,-466.19534,-459.36935,-461.37802,-468.56866,-468.46515,-466.10953,-466.25928,-466.37955,-459.57062,-466.838,-469.0848,-469.22644,-472.9972,-471.34094,-467.84137,-471.80127,-474.44733,-467.99924,-466.44727,-467.4493,-472.61084,-465.7345,-460.20264,-463.60437,-472.0938,-469.12427,-470.49478,-471.6019,-471.59314,-466.01776,-469.18652,-470.6568,-469.16617,-466.7043,-469.75406,-464.71442,-418.8135,-394.72723,-434.12436,-473.24887
-244.31104,-266.43967,-313.0049,-343.48453,-368.74893,-373.91992,-352.24506,-336.30292,-350.0582,-347.15955,-342.55603,-334.5596,-332.4305,-338.05496,-335.77072,-335.88443,-338.3415,-343.7864,-364.9556,-422.24933,-427.161,-339.31873,-304.7979,-292.55878,-277.98407,-262.32037,-236.97119,-246.01152,-292.0626,-314.18265,-299.29437,-269.60056,-264.43472,-262.96988,-273.0576,-286.8394,-322.68854,-391.82315,-399.0966,-288.12152,-263.13315,-307.45697,-314.75848,-303.68304
-260.74332,-280.31638,-309.41626,-303.9792,-296.37775,-345.35373,-452.0847,-464.1731,-322.07327,-266.80325,-284.1216,-299.51996,-266.81107,-244.79439,-233.82394,-230.11307,-253.6058,-282.3108,-312.3512,-360.69635,-379.1657,-378.0014,-373.45328,-358.50317,-369.08475,-425.66495,-347.04483,-276.59332,-271.9347,-312.19818,-315.78882,-309.80142,-317.13812,-311.07355,-311.818,-306.9646,-309.9985,-318.42075,-346.6077,-375.04153,-396.25604,-392.54822,-384.45642,-390.2424
-441.26004,-434.05923,-435.63556,-440.90695,-448.99136,-456.93237,-459.6225,-464.55573,-468.182,-468.3886,-466.5641,-464.28598,-468.06546,-469.39313,-467.3835,-464.02026,-465.7068,-466.37808,-466.76923,-462.06833,-461.102,-461.24603,-456.7384,-456.97775,-456.48184,-458.6202,-457.541,-450.62357,-450.35934,-451.31244,-453.51465,-455.60477,-463.1545,-464.78018,-463.71902,-466.71625,-467.69632,-465.0527,-464.4907,-464.8937,-468.33304,-472.4482,-470.68994,-473.7261
-297.66562,-310.82013,-361.91345,-372.79437,-365.92163,-350.7769,-340.4697,-335.39224,-336.4563,-347.7585,-367.10602,-370.9552,-358.4361,-351.47836,-355.24997,-381.34824,-382.56833,-397.41757,-387.52698,-302.5624,-289.15475,-326.7213,-337.39127,-337.2649,-339.84412,-340.98898,-336.99707,-338.6134,-355.28387,-391.44727,-441.3211,-471.78375,-473.42032,-465.34332,-451.3683,-440.88245,-436.2725,-438.45096,-439.12195,-439.76337,-440.4394,-448.60846,-451.93588,-462.6946
-451.53302,-456.30264,-463.84647,-466.59103,-467.87057,-470.93478,-472.1972,-473.77985,-472.68335,-465.24808,-461.8893,-468.2694,-472.36777,-469.5288,-463.9027,-451.8958,-435.47144,-411.49124,-396.61258,-396.61475,-392.4391,-388.9201,-388.19968,-391.4526,-394.48373,-400.0858,-398.90143,-397.47653,-390.94443,-380.39902,-386.6998,-389.60413,-385.36774,-377.02542,-370.77026,-359.45663,-355.5018,-351.70395,-354.2807,-353.76645,-335.61792,-317.02713,-294.70493,-288.10373
-338.886,-349.9844,-358.70053,-357.2234,-358.98676,-366.2586,-378.59412,-383.45688,-393.59235,-411.4687,-430.401,-437.00134,-422.5193,-425.05493,-458.274,-472.76074,-472.04703,-438.0671,-295.04544,-264.45886,-300.6019,-298.9438,-283.3375,-280.1151,-270.09937,-258.3167,-232.94757,-244.98672,-261.01282,-300.68774,-391.9948,-344.97684,-308.2635,-325.28363,-328.00815,-353.0814,-407.0705,-454.19568,-465.3421,-446.45834,-345.26883,-332.66785,-358.07657,-337.8074
-208.4159,-230.323,-268.7793,-272.28268,-291.85345,-317.6773,-318.06015,-316.42416,-315.8934,-332.6485,-364.80167,-407.86807,-339.54227,-281.42365,-267.76282,-281.74368,-283.98346,-303.06128,-323.47247,-333.32413,-344.37555,-365.32794,-417.50037,-457.82034,-436.85574,-370.4449,-341.94913,-337.91226,-302.85025,-263.81827,-254.7277,-254.55591,-260.16153,-272.87006,-266.11572,-261.49045,-267.4638,-281.90396,-320.67932,-270.5326,-234.38272,-274.71857,-305.46567,-298.67523
-182.0483,-185.681,-202.07443,-259.34174,-280.51892,-272.27353,-298.8851,-315.11624,-302.02658,-267.01562,-233.9413,-256.79715,-340.09906,-408.2382,-260.2176,-213.22429,-209.38322,-209.54831,-238.3351,-302.3318,-351.56302,-293.65558,-250.86215,-251.68968,-281.25922,-276.75714,-306.20886,-337.48117,-300.6014,-288.2537,-310.55298,-322.08054,-337.81754,-353.87387,-353.17285,-337.15173,-300.60156,-270.33325,-259.69284,-267.00122,-271.12253,-257.69028,-246.1511,-251.37549
-435.9998,-434.71802,-436.8639,-435.8177,-434.75732,-438.61133,-444.86847,-440.98154,-441.8968,-443.90204,-447.83017,-454.46085,-454.5205,-458.7262,-453.9008,-450.86566,-447.88214,-449.28625,-454.4077,-461.2304,-464.39975,-467.5791,-470.6106,-469.66736,-466.50015,-463.96777,-454.92468,-442.45496,-442.59015,-451.20923,-456.81204,-445.89755,-448.3561,-409.68594,-322.8155,-270.49734,-267.2102,-272.13593,-266.1666,-277.0884,-298.20755,-330.2897,-330.15683,-314.23004
-465.96014,-466.42462,-466.9027,-467.6724,-467.79898,-464.2298,-466.6846,-468.2126,-469.03122,-469.9365,-467.2636,-468.0732,-469.88315,-473.05084,-474.88245,-479.0173,-476.03824,-471.44202,-473.06354,-471.10803,-466.75064,-467.34396,-471.04092,-470.66196,-470.55005,-470.1653,-464.86646,-461.5134,-465.43564,-467.46317,-472.9462,-438.14462,-391.73984,-337.24527,-278.36624,-262.94138,-268.11157,-267.92667,-247.04681,-226.91766,-230.984,-237.32176,-224.15974,-209.9331
-472.77423,-422.1457,-409.24866,-445.37714,-463.55664,-460.77277,-460.5184,-453.57635,-439.00162,-372.1636,-321.50745,-344.5708,-414.04614,-457.44888,-464.48987,-439.02136,-362.8274,-359.5609,-373.11432,-274.9138,-215.74089,-211.85616,-232.89421,-229.64673,-252.50005,-257.96664,-258.0313,-250.01926,-252.36919,-260.88864,-265.40607,-269.88663,-290.24203,-310.76636,-350.88522,-416.69702,-440.7453,-384.00092,-230.78992,-192.51627,-222.5033,-230.27777,-211.33539,-183.76006
-450.24805,-424.36545,-397.0124,-379.37335,-371.3814,-372.83142,-380.9204,-393.16858,-407.73605,-429.8453,-447.4117,-459.49484,-462.15823,-467.17117,-469.25775,-470.59418,-467.89313,-468.64355,-468.64133,-472.09457,-470.7016,-469.44727,-470.98663,-473.3252,-470.14053,-468.252,-471.23264,-471.8035,-472.46246,-468.47076,-468.51157,-472.7327,-470.08307,-467.90857,-467.02383,-465.44998,-461.50476,-458.037,-457.21997,-464.1768,-464.22107,-458.5824,-454.26398,-453.36703
-448.7352,-447.12073,-454.21417,-453.0716,-452.39075,-450.2738,-448.82684,-453.58267,-457.21457,-463.37497,-464.14258,-448.415,-432.101,-455.90182,-458.26324,-445.58844,-443.8457,-451.99557,-454.0851,-450.5708,-416.9073,-334.09067,-263.1389,-229.73746,-241.7228,-242.50418,-243.16652,-255.46362,-262.65323,-269.70944,-297.16742,-332.607,-356.05804,-363.98032,-369.1812,-373.01505,-366.91922,-361.7107,-356.20407,-358.80835,-374.74625,-392.82767,-404.9696,-416.843
-219.44772,-231.25787,-261.8181,-271.33466,-289.3391,-296.6718,-297.96246,-299.88287,-299.62555,-301.3534,-302.19608,-303.7889,-300.53992,-289.04617,-289.7453,-301.76794,-301.3302,-292.21744,-286.07324,-277.52075,-276.05804,-283.96783,-283.41858,-280.08356,-264.5594,-239.05814,-224.68623,-279.318,-409.2306,-457.36,-462.94632,-455.04056,-372.72028,-303.41635,-317.0935,-331.3608,-336.25485,-339.26202,-336.36765,-347.51596,-359.83667,-364.89062,-358.30606,-353.1572
-463.89526,-460.27014,-463.12048,-465.6822,-459.5485,-440.8946,-430.9857,-439.27945,-454.2258,-461.12442,-465.56097,-464.69565,-460.9798,-465.37878,-468.96564,-468.59625,-468.84186,-468.12314,-470.40305,-468.73254,-455.9055,-403.7896,-367.08923,-319.41476,-291.251,-307.28253,-325.0799,-338.46082,-361.2003,-362.4409,-354.8223,-368.5151,-407.1824,-443.65775,-468.61948,-473.76767,-439.51562,-420.45844,-444.35727,-426.89914,-357.9764,-341.45303,-346.76636,-345.99515
-325.1487,-339.8755,-366.37204,-358.2147,-357.24512,-346.4872,-326.14722,-321.23666,-331.48996,-348.63535,-354.8395,-359.934,-381.59674,-392.15417,-415.18948,-463.24506,-469.5012,-468.0257,-468.93005,-466.88583,-347.0326,-266.08466,-252.26823,-281.64536,-299.65094,-299.66333,-313.86237,-351.87045,-380.50882,-394.67633,-402.34314,-411.4737,-408.50867,-347.20816,-303.42154,-288.6566,-322.43774,-409.77167,-457.36264,-468.96017,-474.77344,-473.82925,-367.8386,-314.0599
-473.46783,-470.9774,-470.69797,-476.6228,-470.81015,-467.0278,-470.88724,-472.23477,-473.46518,-470.0711,-468.04102,-467.08875,-460.687,-458.10956,-461.78696,-470.21085,-471.96677,-467.63705,-468.12772,-468.53,-391.8956,-269.46216,-229.52159,-246.85098,-286.44186,-301.69156,-303.63968,-296.68307,-289.54413,-295.19775,-308.62177,-334.6011,-375.0397,-428.0312,-413.08215,-313.13937,-268.2493,-236.17961,-216.48593,-227.75989,-256.46487,-293.6279,-290.5799,-277.27554
-467.27344,-466.76355,-469.51733,-471.53772,-470.78973,-467.68655,-466.08047,-466.67285,-465.87167,-466.62534,-465.9066,-462.11136,-459.10684,-461.08917,-462.87088,-466.37482,-465.9943,-467.84988,-466.35526,-467.12714,-470.80118,-476.15872,-475.39948,-471.94672,-472.4268,-471.18222,-469.5665,-469.18243,-471.36124,-475.45877,-472.59488,-470.3668,-465.48877,-459.8436,-458.2661,-459.36398,-465.78064,-472.1967,-474.45474,-471.31317,-472.80576,-471.46188,-469.17596,-470.88828
-406.9137,-416.62598,-435.76465,-456.8509,-476.3275,-469.8797,-468.20428,-468.0612,-464.81506,-459.04306,-457.24426,-457.43704,-456.9989,-459.16498,-457.21686,-460.6882,-457.9494,-461.55392,-463.9934,-471.18045,-472.74844,-471.2171,-477.06918,-477.70248,-477.15604,-474.2929,-451.19635,-388.51102,-328.04233,-305.3411,-311.22195,-338.2931,-418.08322,-465.4702,-273.90796,-217.68602,-245.40579,-257.91476,-249.64067,-271.68982,-300.25864,-325.13867,-339.8638,-343.14108
-283.74475,-280.28766,-296.96848,-312.3768,-327.50986,-337.87796,-347.38876,-360.28818,-355.65137,-342.04205,-337.47525,-330.67233,-325.9747,-326.5053,-328.59387,-331.75443,-338.12802,-329.30402,-284.82944,-245.4248,-241.50113,-245.63307,-255.74171,-260.6068,-281.62112,-294.5479,-301.81494,-309.07504,-313.6005,-316.0945,-320.08463,-324.93314,-337.93805,-321.36606,-319.73035,-349.72955,-374.16125,-343.28986,-301.84274,-284.23926,-299.8435,-309.71088,-285.1947,-274.5372
-390.9202,-398.07712,-401.82172,-407.66055,-405.68927,-398.05252,-394.72055,-392.67792,-388.3229,-378.23502,-367.40057,-341.27124,-312.60574,-291.5538,-275.2818,-266.52322,-257.9491,-257.39374,-246.85065,-253.51572,-262.3969,-268.77847,-295.49078,-320.08932,-356.1901,-393.10617,-428.02872,-460.50165,-469.03925,-468.2055,-456.12103,-442.17014,-429.82397,-424.07788,-421.1106,-421.60715,-423.69162,-425.75946,-324.90387,-299.8523,-358.79276,-406.0674,-419.30768,-426.26022
-301.99976,-313.95767,-333.55823,-334.8775,-306.5751,-278.85104,-282.43494,-275.55426,-278.25024,-293.23502,-306.52478,-335.36035,-362.84885,-366.6949,-371.19553,-372.71472,-375.87827,-384.05807,-389.85,-370.20065,-325.90405,-310.6191,-307.08777,-299.339,-311.3146,-349.92398,-407.10217,-452.73215,-460.77243,-458.0241,-455.09717,-451.97543,-451.02408,-456.50372,-455.78833,-450.3328,-444.14703,-441.54468,-445.73264,-448.6803,-449.93362,-446.47067,-445.72595,-449.14572
-360.8043,-363.5274,-378.419,-379.1607,-382.699,-385.64706,-387.83664,-395.8084,-400.2737,-402.60733,-404.00717,-410.25665,-413.94275,-415.77835,-420.09976,-425.35736,-427.96902,-427.27203,-428.57153,-431.7762,-436.6498,-436.56976,-433.22247,-439.28796,-452.61618,-449.99072,-456.3756,-463.87146,-460.17062,-464.58942,-464.8553,-465.49316,-467.10538,-436.65854,-418.1519,-434.73865,-466.69992,-476.24268,-477.64795,-471.7828,-470.10135,-469.30405,-468.39642,-473.17834
-245.92892,-251.21103,-271.05185,-267.42,-259.03516,-265.52618,-278.38474,-290.11594,-313.7778,-333.3034,-343.14517,-352.83545,-371.60187,-384.5896,-385.8864,-387.63806,-391.33734,-397.42664,-374.831,-315.75095,-293.838,-288.23965,-282.48102,-277.47604,-277.5308,-274.94775,-278.57513,-315.12393,-371.50732,-389.37967,-390.95673,-398.34085,-412.88803,-427.20517,-433.17786,-437.02808,-446.373,-465.63644,-464.84424,-467.19675,-466.4726,-469.1313,-471.90012,-476.8842
-302.22064,-322.69986,-337.459,-280.36884,-253.21393,-255.14177,-256.363,-266.1226,-285.47498,-318.80502,-359.79263,-373.69144,-373.98663,-364.60123,-355.39755,-344.24472,-342.9722,-354.88635,-367.3468,-384.73035,-397.46658,-408.3286,-433.44116,-457.14807,-468.18356,-473.10217,-476.1705,-467.66525,-461.5789,-459.9007,-462.3703,-458.3142,-455.20517,-454.26035,-452.04993,-450.2687,-452.31915,-452.46106,-454.83176,-455.40903,-456.5972,-460.51166,-462.37296,-469.20264
-279.86536,-297.719,-330.80835,-339.0526,-313.46048,-302.8914,-306.3764,-318.3649,-343.5657,-369.1132,-378.8424,-387.53995,-411.51215,-439.7812,-380.1896,-299.88074,-283.70895,-259.27957,-250.29698,-258.0528,-289.9832,-327.1398,-343.51877,-346.93674,-348.14362,-350.18936,-355.0325,-363.85413,-372.2281,-375.13818,-374.3788,-377.37656,-374.7506,-373.33582,-374.57016,-382.2164,-414.55106,-457.56204,-464.79092,-470.2814,-468.3239,-470.20227,-470.45007,-473.45398
-281.49615,-323.20544,-421.7127,-415.18863,-397.64865,-398.33832,-403.64886,-398.19495,-394.5509,-272.98932,-234.24008,-256.95242,-296.90686,-314.57452,-331.76782,-336.98676,-365.40164,-385.44238,-368.5002,-356.84586,-352.95914,-345.84717,-349.43863,-320.7252,-302.0212,-290.19888,-288.28827,-297.78308,-306.47583,-320.78186,-350.54703,-404.11334,-462.59595,-471.01236,-468.71573,-462.16248,-455.62778,-450.81863,-449.02057,-441.65204,-448.44983,-450.06604,-437.10043,-437.22354
-260.6018,-248.55939,-273.7911,-284.27673,-282.929,-281.9899,-288.29843,-296.6017,-310.46454,-304.89255,-308.59665,-357.09668,-432.35544,-465.61426,-471.82523,-468.99503,-466.78137,-440.93735,-350.82663,-285.15417,-255.64749,-255.40509,-258.43646,-250.21843,-237.05124,-244.32843,-278.37592,-313.42725,-331.95563,-350.6926,-360.1767,-372.53253,-395.21674,-417.7026,-434.29233,-452.47946,-463.0374,-465.00513,-464.2796,-467.85666,-467.1147,-460.8305,-459.64716,-466.39215
-443.81686,-450.31445,-462.04224,-460.40863,-455.99228,-459.59634,-466.70703,-462.53094,-460.27234,-464.87067,-462.6175,-367.35788,-305.73105,-297.9406,-286.278,-255.97075,-239.79434,-280.74835,-397.61108,-458.61597,-462.45142,-432.07755,-353.8855,-287.45514,-258.0733,-246.20116,-248.85619,-249.12251,-270.95383,-334.30588,-396.3625,-409.74667,-432.8175,-454.65247,-427.68204,-369.9042,-333.76138,-290.98743,-268.52142,-262.60867,-247.13309,-244.51566,-237.19324,-233.2297
-377.40427,-398.36295,-447.27722,-314.78662,-228.20393,-221.3923,-269.39825,-331.1966,-348.72473,-360.23795,-366.98608,-375.3008,-379.91464,-377.80917,-370.9368,-385.45117,-430.13776,-468.1061,-463.57883,-454.2044,-493.2996,-641.5545,-729.0426,-729.0426,-729.0426,-729.0426,-729.0426,-729.0426,-729.0426,-729.0426,-729.0426,-729.0426,-729.0426,-729.0426,-729.0426,-706.3373,-480.0719,-306.2618,-255.23781,-282.1855,-321.04517,-351.5638,-361.73517,-339.94846
-285.1135,-302.97028,-339.44974,-340.5194,-345.17267,-349.24207,-345.93066,-337.48413,-337.347,-339.2755,-355.8262,-333.71246,-304.73297,-301.79022,-309.65924,-281.50412,-240.99307,-204.74802,-231.3843,-257.81766,-265.2472,-259.49753,-280.60342,-322.14572,-328.62445,-317.2384,-285.4065,-274.35342,-278.1604,-310.0207,-342.2392,-359.74765,-371.06778,-350.10007,-296.33203,-261.03455,-237.37062,-232.97183,-239.8794,-275.78384,-313.65134,-282.38678,-238.60045,-232.44336
-472.87784,-469.94855,-468.9208,-471.9664,-469.8046,-467.59265,-471.93585,-470.65826,-464.6375,-465.46127,-467.9021,-469.47116,-468.89978,-465.9308,-465.90897,-465.87515,-469.44165,-467.5747,-450.2341,-437.0507,-461.24957,-468.01498,-461.49295,-458.5785,-325.689,-250.5633,-242.59122,-260.31027,-254.77304,-252.60861,-270.39056,-305.50964,-331.32098,-340.25555,-334.7608,-311.57166,-263.40076,-236.15242,-246.87007,-282.40775,-249.41422,-205.83704,-201.27306,-214.95958
-273.2719,-239.00237,-210.25337,-222.1764,-236.81772,-235.36324,-252.70328,-260.55945,-282.8466,-307.13797,-317.96005,-326.59595,-335.3231,-336.19168,-341.6887,-303.36102,-262.26556,-257.77774,-278.45694,-329.04587,-283.79105,-252.78358,-277.2992,-293.67935,-317.24426,-335.7363,-341.02325,-371.29865,-311.42032,-245.02371,-221.1304,-256.29526,-332.87787,-356.75607,-361.6438,-324.70312,-275.7559,-263.06058,-269.27524,-280.54718,-296.36646,-337.38232,-345.6021,-322.6775
-473.1426,-467.80292,-469.07355,-465.79315,-410.5864,-326.3826,-304.4479,-300.1134,-290.4934,-281.08887,-286.51694,-286.77097,-295.5261,-320.66125,-343.05002,-345.00888,-342.6777,-340.0463,-341.32248,-342.61124,-344.37656,-347.4744,-339.69904,-320.49268,-299.31882,-289.7587,-288.51144,-286.1891,-301.5668,-316.76688,-328.2854,-353.41815,-386.6144,-422.31076,-454.84488,-462.52127,-461.47192,-466.14645,-466.1596,-447.55237,-341.4528,-257.34525,-206.85146,-218.2754
-1012.54834,-1001.5054,-1003.783,-1006.205,-1005.6626,-1002.5474,-1006.77954,-1004.0746,-998.70685,-998.21466,-1002.0578,-1003.0906,-1006.1928,-1008.68494,-1003.4414,-1002.3973,-1003.5263,-999.3198,-1003.6115,-1009.23956,-1004.0629,-1009.95557,-1009.45844,-1014.7792,-1012.6567,-1010.3093,-1013.58075,-1017.5213,-1008.3836,-1010.7135,-1014.74756,-1012.97845,-1011.0195,-1007.0955,-1006.2495,-1003.0957,-1002.1503,-996.7305,-1002.00586,-1003.6357,-1002.6494,-1003.4817,-1006.4401,-1006.0753
-337.44345,-348.0809,-373.31946,-408.0018,-430.32504,-438.29562,-430.63007,-296.25177,-260.83328,-286.53445,-299.82056,-300.86172,-310.59982,-327.74625,-339.47162,-333.60672,-337.63348,-348.73563,-379.50684,-375.49423,-279.47568,-281.91968,-357.23065,-394.7242,-423.80762,-449.0438,-459.87897,-464.15872,-460.2692,-436.8392,-422.297,-442.8405,-452.2527,-456.1291,-458.77634,-454.04092,-448.96347,-446.74078,-443.94583,-445.77264,-452.7848,-456.25095,-460.2969,-473.23575
-337.27905,-359.56158,-397.06604,-392.98068,-387.3773,-391.58365,-390.3338,-374.24945,-368.62515,-366.7037,-377.2149,-393.42178,-418.63635,-446.7973,-467.51178,-470.622,-470.00565,-468.09433,-463.35208,-460.67972,-458.73242,-453.20062,-418.60294,-421.17798,-457.72858,-461.23322,-459.65228,-460.99948,-466.0613,-471.89407,-474.87216,-467.07043,-447.33417,-432.5283,-424.0439,-409.46475,-352.9032,-277.51114,-240.4198,-246.35434,-286.09793,-301.13055,-304.96017,-304.72116
-348.82608,-350.1808,-360.59326,-365.12042,-367.8154,-374.43393,-386.15402,-394.78964,-398.59604,-410.9042,-426.40585,-425.4416,-433.91003,-442.5885,-458.36932,-465.82712,-471.12845,-468.19397,-462.11093,-465.8814,-473.0671,-472.75412,-467.13876,-434.0668,-302.7894,-246.4139,-244.26544,-266.03067,-266.13498,-269.36896,-279.6423,-300.00305,-349.5775,-386.68637,-315.12894,-292.82407,-295.75388,-292.69025,-302.23544,-313.65945,-323.86816,-330.18472,-368.55807,-405.9575
-318.12305,-341.17477,-380.05725,-373.17426,-359.72336,-347.78073,-337.55515,-340.78555,-350.7548,-359.90445,-362.92783,-372.07135,-385.09448,-394.33478,-400.54257,-407.6721,-409.58926,-412.02194,-417.9112,-426.9555,-432.61227,-432.55786,-434.73917,-435.15732,-442.25272,-448.67255,-454.34863,-454.55426,-451.6195,-454.01746,-457.8631,-456.08438,-456.35342,-455.8445,-459.5276,-461.54245,-460.0414,-460.55014,-462.06735,-465.8275,-467.49667,-468.18936,-469.1263,-478.39276
-449.364,-449.63574,-452.512,-448.94183,-449.91904,-449.76547,-446.03192,-443.2802,-442.10672,-438.13498,-434.8877,-433.20465,-433.84842,-429.1695,-425.43686,-432.2804,-441.36374,-441.92133,-444.34195,-448.92432,-455.09702,-460.4308,-463.9872,-466.39996,-472.26608,-471.01385,-465.80176,-464.13126,-458.75107,-453.50696,-450.40997,-451.69385,-463.87515,-467.83493,-466.94315,-467.3557,-470.836,-471.34485,-470.55228,-469.06003,-471.73663,-469.07306,-466.43057,-470.95605
-472.03497,-467.95868,-467.524,-467.34262,-467.02365,-469.54877,-471.1841,-473.65002,-470.29712,-476.8307,-479.37317,-470.79758,-468.35214,-467.87405,-455.188,-462.46976,-463.84628,-462.7708,-465.5599,-468.59903,-471.92313,-467.81967,-464.03864,-465.2747,-468.5588,-469.83368,-471.05115,-468.3959,-465.2109,-461.90845,-456.28473,-449.6219,-444.59753,-418.32648,-380.65262,-366.59756,-374.0171,-389.43146,-386.46588,-392.5903,-398.6374,-400.5757,-401.55716,-397.5441
-265.27182,-278.07712,-318.57596,-323.8703,-337.7294,-356.59424,-359.60873,-361.5222,-362.65646,-385.30585,-443.36377,-466.56738,-465.83594,-357.4186,-269.6167,-272.50226,-271.34714,-244.10315,-232.42049,-214.94768,-218.89906,-223.18765,-208.77263,-226.3644,-312.57224,-448.16647,-464.07672,-462.51758,-428.76367,-381.38528,-367.66553,-355.20178,-328.30353,-298.8908,-275.5092,-262.1709,-260.37054,-259.62708,-254.77719,-276.7497,-335.95636,-381.34946,-400.40024,-436.84775
-442.79013,-440.9836,-460.7307,-467.68268,-468.51956,-467.3153,-461.2993,-454.34354,-446.01648,-455.81223,-467.13245,-468.10092,-470.69638,-468.85968,-466.32483,-467.39627,-465.0963,-466.8257,-466.82367,-466.76074,-462.32428,-466.56937,-468.66394,-465.24612,-466.5597,-465.55524,-466.08218,-466.5679,-465.1236,-466.24658,-469.9515,-470.2943,-464.9176,-465.4416,-467.86118,-468.34274,-467.03696,-463.68777,-462.82623,-470.75555,-471.04144,-469.12994,-468.1513,-464.60764
-470.8238,-464.72272,-465.09784,-468.91968,-474.13458,-472.87155,-466.40347,-464.7118,-466.1629,-471.09305,-468.75784,-466.0215,-466.45135,-461.36658,-465.35394,-470.78137,-471.2959,-475.99234,-466.6254,-459.0036,-467.18527,-472.652,-471.43573,-471.72495,-470.49936,-473.22784,-472.96573,-470.64905,-468.9965,-468.85947,-470.64368,-465.0023,-468.4288,-472.1997,-471.81802,-472.3823,-472.3651,-472.12088,-470.16446,-472.70483,-469.68738,-468.77252,-465.97705,-468.03027
-243.51321,-259.40402,-316.02667,-309.79465,-287.17715,-282.18738,-280.84094,-286.89264,-276.36874,-259.1724,-252.45697,-249.9138,-251.11258,-252.6544,-256.99323,-263.7375,-270.3414,-276.27216,-285.76743,-316.1987,-387.08096,-436.80527,-446.25662,-458.79733,-465.24094,-470.30505,-466.54745,-462.35837,-465.39822,-470.06863,-469.6385,-468.02545,-467.6528,-466.28745,-467.84875,-473.0982,-374.12228,-269.49582,-237.24332,-252.45657,-263.61087,-254.72293,-246.21625,-244.60031
-322.1828,-314.91898,-327.59146,-335.45776,-365.188,-402.7322,-413.58862,-294.92682,-245.61052,-264.3168,-274.95013,-265.99005,-247.3193,-242.19275,-273.78778,-293.15717,-287.56494,-291.1847,-294.14264,-313.79327,-336.32986,-329.48386,-318.82687,-308.52264,-318.87433,-338.1842,-356.08612,-378.6541,-400.3583,-422.72424,-437.8184,-452.00507,-456.50928,-463.94473,-468.70316,-469.71768,-469.88376,-469.54617,-471.15012,-470.80612,-464.3508,-455.76688,-448.47534,-453.86127
-345.0961,-350.67084,-371.41397,-396.13446,-418.80698,-437.07434,-449.2022,-462.08548,-466.26328,-467.68164,-466.95007,-465.27765,-460.03885,-461.81897,-464.39914,-463.17795,-467.46655,-467.427,-463.8005,-458.354,-458.93927,-459.67538,-459.32513,-452.7657,-446.269,-445.16165,-444.86365,-444.16473,-439.0931,-439.86075,-435.7433,-437.21814,-443.4384,-449.61667,-458.37704,-466.97186,-469.6973,-469.77728,-469.16284,-468.19324,-468.87067,-469.74823,-457.30353,-454.98325
-449.71274,-436.59665,-425.5688,-423.95206,-419.48965,-416.2634,-420.2638,-419.01086,-420.79025,-428.6505,-446.075,-458.34058,-463.2579,-465.6812,-471.5791,-480.41968,-478.817,-468.04788,-463.28665,-462.66345,-463.88287,-458.91428,-460.20013,-465.92636,-462.84662,-464.78693,-464.22534,-450.73727,-441.75287,-441.19177,-461.68906,-469.2485,-463.59534,-447.57642,-450.15048,-468.84235,-471.24347,-471.5911,-472.5136,-469.04282,-463.6038,-461.6003,-456.2835,-466.32587
-254.92442,-277.6222,-321.0812,-338.6286,-352.66656,-361.37692,-364.84686,-368.10022,-360.69675,-341.03906,-335.28867,-337.86795,-344.65338,-349.89224,-358.43842,-360.65115,-363.1695,-369.56052,-373.8682,-378.54584,-383.03397,-383.22614,-382.63144,-384.63504,-387.85654,-395.9249,-403.5281,-404.54526,-406.47116,-410.383,-414.4778,-422.613,-426.20898,-433.9677,-443.24564,-454.1944,-459.59454,-463.43854,-466.70398,-466.22324,-471.703,-472.8278,-463.38504,-458.24805
-467.085,-468.64957,-473.49362,-473.94592,-468.22665,-456.79977,-401.35388,-312.22708,-287.55084,-290.17996,-295.1169,-279.93323,-259.69562,-287.81818,-363.4712,-388.97238,-388.71338,-303.6323,-253.3604,-235.67514,-233.13536,-236.35506,-248.46625,-286.11047,-309.42908,-310.4485,-313.90652,-326.36237,-337.08444,-342.6744,-352.35614,-362.26782,-370.7253,-381.43353,-399.09607,-417.8387,-428.67166,-433.39624,-446.8201,-468.0532,-469.8269,-467.35892,-468.37216,-475.5324
-219.85759,-237.1335,-270.7878,-292.68597,-318.85257,-347.70065,-364.1297,-367.1624,-372.41794,-375.6756,-378.30826,-375.6472,-371.79367,-377.8567,-380.8634,-387.68488,-399.45197,-408.99213,-415.52838,-417.3476,-423.61798,-436.46814,-442.2385,-443.12476,-454.33704,-466.3717,-464.15924,-458.5866,-458.0855,-463.29626,-465.5719,-462.89,-462.51852,-457.9751,-457.61374,-460.5718,-459.5758,-464.1823,-465.17255,-467.3833,-466.89893,-459.29242,-460.4457,-468.0168
-281.59064,-275.59302,-291.40573,-329.0182,-429.24686,-380.0312,-278.24603,-258.11627,-247.27307,-244.76233,-223.42412,-194.39806,-203.80354,-274.4585,-419.79047,-455.4965,-460.77267,-464.93314,-470.19565,-469.10468,-466.48978,-465.09012,-444.1422,-338.65588,-252.90913,-214.16333,-224.88391,-241.34883,-237.31218,-236.25961,-241.73776,-250.23051,-260.03015,-280.04156,-297.44604,-312.91086,-327.3713,-374.3036,-446.7803,-468.36212,-460.22327,-415.1183,-389.27682,-385.54126
-245.97911,-242.11247,-248.1543,-250.33519,-275.0445,-371.49847,-385.10983,-316.10287,-312.01282,-334.20038,-336.89093,-327.5919,-323.37305,-328.0578,-335.36093,-340.48157,-339.87442,-354.45908,-396.6995,-435.10757,-461.27115,-471.248,-468.3738,-460.1665,-449.9549,-448.7026,-446.16772,-444.32465,-450.69162,-452.42697,-447.6943,-442.93793,-444.23175,-442.0694,-440.82764,-443.72147,-442.88824,-443.14343,-448.4966,-456.96115,-462.89215,-467.9091,-468.42603,-469.90784
-311.13458,-281.5095,-266.8541,-278.1744,-316.82193,-316.09192,-294.57526,-285.05798,-314.2136,-436.81918,-747.58105,-781.2682,-781.2682,-781.2682,-781.2682,-781.2682,-781.2682,-781.2682,-781.2682,-781.2682,-781.2682,-781.2682,-781.2682,-781.2682,-781.2682,-781.2682,-781.2682,-781.2682,-781.2682,-781.2682,-781.2682,-781.2682,-781.2682,-781.2682,-781.2682,-781.2682,-781.2682,-781.2682,-781.2682,-781.2682,-781.2682,-516.2303,-352.19217,-314.1653
-426.64926,-425.60544,-430.08795,-442.80273,-460.01025,-466.6068,-470.58084,-469.17285,-467.2031,-468.44666,-466.08893,-455.0642,-447.7766,-447.81964,-446.08865,-440.0634,-434.15515,-428.47717,-424.44547,-423.19797,-421.2876,-424.47583,-427.2798,-424.30505,-420.8975,-421.8341,-420.4823,-418.93896,-421.06326,-423.45062,-427.76956,-436.19778,-444.1816,-430.1508,-403.52145,-426.437,-462.43515,-466.06122,-466.69138,-465.8828,-465.95673,-458.3703,-451.27127,-461.06784
-346.1367,-347.9202,-353.17535,-356.57187,-363.09286,-375.55423,-392.56934,-406.20847,-413.0025,-420.71454,-430.27435,-443.76587,-453.64758,-452.2092,-440.75305,-405.95593,-339.29105,-277.09897,-241.5042,-234.17232,-244.90063,-230.73068,-246.69604,-289.87473,-274.94778,-226.76851,-211.44902,-218.97116,-226.8622,-234.9773,-240.08273,-246.83585,-258.52625,-273.65643,-285.71494,-289.24585,-305.78238,-304.37527,-290.6545,-285.61618,-291.59906,-341.55673,-447.44165,-544.70935
-462.4761,-463.28882,-461.194,-459.93842,-465.25082,-457.03455,-455.01932,-455.61792,-450.09158,-458.50012,-466.02435,-466.95114,-470.66553,-468.5651,-466.9207,-470.94635,-469.73978,-442.0836,-434.5435,-453.5237,-463.43198,-470.0998,-469.6039,-466.0241,-466.64203,-468.53943,-465.57596,-468.7586,-467.51004,-462.74286,-464.17606,-463.3948,-422.34244,-407.02075,-410.59674,-401.35403,-396.22968,-403.6813,-433.54224,-415.60718,-403.55643,-310.20993,-215.43184,-190.13177
-479.20468,-474.64706,-414.71497,-268.85602,-233.3086,-250.99904,-239.76682,-234.29422,-239.98402,-257.14243,-286.86874,-295.46857,-288.96216,-288.34842,-288.12177,-290.57687,-282.77997,-273.5016,-281.35797,-308.85345,-345.8322,-352.81934,-341.55695,-328.15598,-323.18683,-322.106,-324.29977,-329.99725,-353.17603,-382.8596,-379.0788,-366.15536,-363.73273,-348.69318,-329.55365,-316.1725,-306.60907,-295.01822,-284.3318,-294.75717,-328.271,-375.87057,-421.4541,-454.00476
-463.66614,-461.22125,-461.0002,-462.21927,-465.52264,-460.23712,-461.109,-465.11563,-467.9918,-470.7105,-468.9259,-470.4387,-469.33725,-467.61734,-471.60266,-470.39838,-465.7049,-463.261,-465.72537,-471.26755,-471.26697,-472.98737,-473.2761,-471.98135,-470.36517,-466.43765,-460.28174,-449.71124,-446.32886,-442.20224,-441.48495,-445.88037,-441.6013,-443.75565,-447.64124,-449.49057,-441.59967,-422.85593,-426.9922,-453.07764,-466.21835,-470.2676,-470.69168,-478.23126
-247.26903,-261.58716,-252.05452,-259.73477,-304.35748,-260.9688,-206.82256,-197.17534,-213.07724,-217.13219,-256.12222,-267.81787,-226.82254,-223.59824,-222.40744,-230.15273,-247.29164,-225.86018,-234.93567,-299.72888,-347.2045,-334.26364,-295.7465,-265.2669,-246.10454,-241.41115,-231.35278,-229.05605,-246.89644,-261.2783,-285.58173,-314.67657,-324.92975,-326.12683,-334.24283,-347.59476,-304.80698,-244.86508,-228.25142,-262.04373,-284.6809,-299.74326,-308.9188,-299.93356
-286.83868,-296.81412,-304.94217,-306.46896,-315.37524,-347.40564,-385.5518,-428.09653,-459.8433,-468.46368,-461.3508,-451.79898,-441.33856,-432.90308,-430.12433,-427.55273,-432.8146,-442.74216,-449.90756,-454.7406,-459.53394,-466.77286,-467.44562,-460.40237,-441.71298,-414.2316,-386.48358,-375.509,-387.5165,-404.64578,-430.91702,-333.20224,-268.6747,-270.50687,-282.7295,-287.3944,-291.13202,-297.14642,-310.6715,-326.99475,-308.07693,-267.96243,-259.56454,-275.38223
-471.40933,-468.92245,-471.17694,-472.34073,-458.53116,-458.6093,-469.0353,-471.24652,-438.07474,-426.04233,-410.67184,-389.06885,-376.54022,-370.81018,-375.10638,-374.90073,-378.8523,-387.62018,-395.51102,-397.38153,-405.99814,-410.45184,-406.964,-410.92795,-414.4519,-418.86606,-424.1369,-426.2469,-427.48013,-432.34433,-437.21027,-438.2702,-440.97568,-445.22195,-449.2431,-452.17297,-458.5131,-469.1123,-466.9076,-471.95096,-471.49023,-466.6726,-467.3388,-465.90402
-396.0062,-396.8659,-412.8656,-433.4572,-456.4275,-466.13394,-471.7609,-470.37653,-461.41876,-453.44662,-446.67142,-445.7107,-440.8071,-439.28897,-437.39587,-434.06982,-436.36398,-436.62512,-432.71185,-435.0826,-436.9751,-435.8984,-432.78452,-434.07196,-433.5863,-435.00998,-441.46292,-443.92365,-445.51593,-457.2558,-464.2248,-468.27463,-467.99014,-464.26645,-464.5947,-459.83755,-454.20242,-459.25363,-443.92606,-401.39893,-342.45688,-271.24432,-233.24893,-226.00687
-467.7144,-468.254,-471.16962,-469.94897,-472.08893,-467.52118,-443.4579,-447.64972,-463.16776,-435.68713,-301.0251,-247.68787,-243.54239,-247.3364,-269.27704,-264.65454,-264.84256,-284.1261,-317.0975,-343.9284,-357.9172,-367.41513,-368.36136,-367.63467,-365.52823,-362.9638,-363.90997,-371.7398,-388.52936,-421.89688,-460.1001,-470.573,-468.58365,-467.8572,-465.1031,-471.92792,-469.4652,-444.9062,-440.0413,-463.05157,-463.19403,-462.98544,-461.4814,-464.5277
-277.78934,-248.07944,-223.89514,-217.19913,-252.46771,-308.5088,-398.97778,-425.10522,-372.60934,-342.6283,-285.26407,-254.01236,-257.12057,-256.70758,-248.07928,-284.82584,-344.48334,-359.99564,-362.17072,-389.91818,-394.91736,-328.1764,-294.74274,-283.75504,-282.5842,-304.33505,-348.8039,-381.46857,-400.49786,-409.32895,-410.07452,-414.70587,-414.58218,-418.48782,-372.11868,-323.95374,-306.66455,-307.06097,-318.55554,-355.62286,-421.10068,-466.13354,-470.08316,-475.42728
-455.60568,-450.0321,-438.2621,-420.39777,-371.362,-337.7182,-370.3578,-433.46732,-455.31305,-464.76776,-464.44858,-436.41763,-381.83203,-329.066,-295.84924,-271.6325,-265.28244,-244.56693,-241.39911,-246.0364,-255.31708,-273.28604,-275.88208,-283.07843,-286.95016,-272.49274,-265.16373,-272.00787,-276.25058,-252.13937,-227.98233,-235.45905,-246.9652,-250.63957,-262.6942,-283.01575,-305.37747,-302.77133,-296.03146,-258.60446,-218.65012,-234.30858,-292.7168,-318.38132
-301.523,-282.87833,-276.38095,-272.17752,-264.86844,-267.6579,-270.67273,-279.50732,-294.45654,-303.3971,-346.47696,-414.84677,-322.548,-273.69162,-305.3806,-338.7529,-353.5157,-362.8825,-364.78104,-368.3082,-374.4132,-375.08987,-357.37567,-322.47464,-304.7241,-292.54834,-278.87314,-271.08887,-273.51392,-276.7243,-279.8164,-296.24844,-325.51407,-378.60782,-447.4124,-467.55252,-466.20114,-457.15384,-450.5268,-434.1167,-418.4931,-429.8201,-449.56177,-457.16696
